"V1"	"V2"	"V3"	"V4"	"V5"	"V6"	"V7"	"V8"	"V9"
"GO:0034199"	1.4020755114114e-05	0.654219173407204	0.00325102202141747	0.00298553595375848	8.67908261271017e-06	6.17530805198765e-05	0.000118342145575455	0.00121434207831799	0.33812713147548
"GO:0034198"	1.06629893667013e-05	0.0390058640321678	0.00178511091333218	5.2695588899047e-06	0.0653401227821914	1.32152098885695e-05	8.57859609571645e-06	0.000808756880933972	0.893022419037134
"GO:0030855"	8.46918982026597e-14	0.998986983352905	3.93742419495109e-13	3.15519469474905e-14	9.24118374962585e-11	0.000687023459628728	1.93315615070729e-10	4.61902437986564e-09	0.000325988282204055
"GO:0031100"	7.72759152788141e-24	1.13272339014201e-06	0.000816993615904939	3.91970192279141e-14	7.76172027761499e-08	2.85960107603295e-24	5.10883203775481e-17	9.93242892953995e-18	0.999181796043463
"GO:0050830"	1.52189897638687e-11	0.982308658920205	0.00170532668855867	6.08020042641906e-12	7.22840061195833e-12	0.000903001190274541	1.5293420781249e-07	7.52102950393319e-09	0.0150828527171973
"GO:0050839"	0.000215759402021377	0.00053362443157774	0.516691745504981	0.100051399558543	0.00508689697625004	0.000128570551801423	0.000170598029525432	0.000418238032978705	0.376703167512321
"GO:0051781"	1.29149429950268e-08	0.431477626788111	4.93525484003041e-08	8.39407784344548e-09	7.05427917767942e-08	0.0670849157300495	1.79061249181978e-07	1.10824673523456e-05	0.501426054748877
"GO:0010906"	0.0096754349202706	0.0185001077085622	0.164069167619072	0.448585800582504	0.015389278316708	0.00905387532564914	0.00436305063084336	0.326840150825683	0.0035231340707085
"GO:0046658"	1.73826613310623e-09	7.77066339755106e-05	0.968930078191958	0.0177063510137318	7.91822253131495e-06	1.21761719883464e-08	2.32391155036124e-08	1.81297357893839e-07	0.0132777274868922
"GO:0046655"	1.55406456149451e-05	0.0467747274548948	1.10482147994647e-05	9.86192677106199e-06	0.000289823296427812	0.0559698316547633	4.83835434668173e-05	0.000716599322953842	0.896164183940308
"GO:0005719"	3.93413721473561e-09	0.0336523155306493	4.99566356572637e-06	6.52683563125525e-09	0.0187804856436511	5.21441073896891e-08	1.81547419688648e-06	5.53883845854665e-07	0.947559771199011
"GO:0051879"	0.00295309307793189	0.0522539575366015	0.120229390907408	0.00467141461036361	0.544413451544854	0.00235801285025473	0.160164999819068	0.00273616652645218	0.110219513127066
"GO:0007626"	1.85489555878503e-14	1.93921545735196e-06	7.95373100652732e-09	1.22390725428838e-14	0.37389325213905	3.2369546853079e-13	4.5769197442708e-14	1.5455056763329e-09	0.626104799145856
"GO:0007623"	1.08555637104899e-19	1.19738414717074e-06	0.0953715178407631	3.74282661037612e-08	1.8470188018854e-11	4.48681655849726e-20	3.5156634767336e-16	4.19601852293237e-13	0.904627247327933
"GO:0006629"	5.18376839226285e-50	2.49407942583135e-17	0.999303909049822	1.43414291673466e-15	2.21240695336985e-27	1.23651824139841e-41	4.63092665104339e-43	1.33490180497623e-36	0.00069609095017637
"GO:0006626"	2.27339993202431e-08	0.996854320600008	2.92180421194671e-07	5.77064664598669e-08	9.31870368542506e-08	3.4824545526009e-06	5.10765254727241e-07	4.95302141095007e-06	0.00313626735085
"GO:0007628"	0.0114809238068538	0.0633168466785736	0.00520099551350505	0.00459009634392255	0.0246719251852199	0.674079362165799	0.18017055880391	0.00867397691186941	0.0278153145903468
"GO:0036459"	2.52141673500406e-06	0.000825761015948869	0.000262642745904868	4.21760309342713e-06	0.9184557751135	2.65708165976007e-06	0.000168904388055178	2.29745330062817e-05	0.0802545461020969
"GO:0030674"	2.20629684034579e-26	2.18196552499223e-14	1.81335711284008e-19	1.52450080364844e-16	1.2970089627727e-27	1.90245853096581e-24	3.96551919960315e-28	0.999999999999978	2.45424002962411e-28
"GO:0030672"	2.06625213432279e-13	0.498164524476948	0.00394269677857002	1.56764511962106e-05	2.34524809170924e-06	8.02233847129137e-14	1.22776339365266e-09	3.48406638656925e-09	0.497874752333078
"GO:0030670"	9.0781301435848e-46	3.59301785183272e-26	3.26836584218614e-17	6.76870416410088e-46	1	6.82484022463162e-45	6.1557582014167e-42	1.74850133704903e-39	8.73025293271119e-17
"GO:0048384"	0.00647202022062097	0.508461971255935	0.0115532343844692	0.0692375599278723	0.00248274951824109	0.00310565610594679	0.00249939280715874	0.386770805627583	0.00941661015217363
"GO:0000289"	3.32636507265758e-06	0.00136293119623219	0.743944568096273	0.0506293783570281	5.85092414917552e-05	1.48610146228181e-06	3.02524693931647e-06	0.000361222888344635	0.203635552507156
"GO:0000287"	1.28255073637914e-114	2.9909259307257e-61	2.52596368341695e-109	1.14370606646734e-99	6.48225224476235e-111	1	1.762627880617e-92	1.04144083756046e-92	8.34638150308167e-52
"GO:0045070"	0.00148962938822506	0.0288270102932671	0.0646978726630558	0.00263708305411494	0.0195127877875998	0.00181695243293066	0.00150032693128245	0.0171927003800604	0.862325637069464
"GO:0000281"	1.28714445048342e-09	5.32734884840333e-06	5.62630308100323e-06	5.37166054266193e-10	0.998827257325109	5.59929546655356e-09	1.54586292462921e-08	1.53143237789439e-08	0.00116175082640263
"GO:0055007"	0.00391294600351292	0.0051350252404317	0.00276057301179674	0.0165220835974391	0.00260734888631132	0.760533374932625	0.11536687969628	0.0014492807758799	0.0917124878557228
"GO:0006974"	1.24012985610162e-58	1.58703849699596e-19	7.64288250440365e-39	2.25764065130558e-55	2.74240319027911e-14	2.34815884184693e-50	4.04084177752116e-46	1.54140970794233e-38	0.999999999999972
"GO:0048037"	1.8320769061053e-07	0.0193739989767353	0.00141105093679232	3.32470570249289e-07	0.511133923481868	1.96956140005044e-07	2.44591871617093e-06	7.97500513518211e-06	0.468069893046352
"GO:0043928"	2.53937795526575e-08	0.00448659992444897	0.000255080157548626	3.58774300862571e-06	8.32653829278577e-05	2.80358324236142e-08	1.62463767339539e-07	2.50750588177391e-05	0.995146175839869
"GO:0006979"	2.13918035550371e-30	0.220762136954679	1.48443378184948e-27	8.22234630300008e-30	5.44936177668255e-18	9.76686413833835e-07	1.00874249668773e-20	2.27935471881035e-20	0.779236886358907
"GO:0004197"	4.70422557161599e-12	0.999989497456025	4.798340347717e-11	6.81481834499757e-12	3.18014710279321e-07	8.67809232318053e-11	4.90975331329375e-12	1.01024197302684e-05	8.19583412562168e-08
"GO:0004190"	1.72410689973756e-10	0.999998486687728	1.90048165429692e-07	3.13065153483716e-08	1.52973255311075e-07	6.36456107282028e-11	4.34787780984538e-09	6.71101302422024e-09	1.12768938879558e-06
"GO:0018107"	0.0154098306847389	0.0127562714543044	0.0278044532826115	0.00682646285309719	0.811535720942003	0.00585997960794672	0.00728226702868186	0.0598689304734388	0.0526560836731776
"GO:0018105"	4.19478801225252e-20	8.67950286304476e-09	1.54680148810862e-20	3.62620751290392e-20	4.11361997077976e-19	0.999999932245078	4.85084602873002e-20	3.37553650079325e-08	2.53200537556473e-08
"GO:0018108"	2.3543369540926e-21	2.21046771991572e-21	2.75004837725642e-21	9.32875141393917e-22	2.74617782927425e-17	1.89905694391685e-14	0.99999999140693	8.59305100699314e-09	1.03064859514882e-19
"GO:2000060"	6.20326212204217e-06	1.32807062806275e-05	0.00107322173069396	0.00416809129777483	2.50777937945347e-06	4.04802109956258e-06	0.99417095381867	0.000322854652336405	0.000238838731642654
"GO:0045445"	5.532547217853e-11	0.000985841133918829	2.29142906565645e-10	8.15470227000043e-09	3.04958710869431e-11	0.999014144353473	4.77050233110328e-10	3.19604854733738e-09	2.3698425241083e-09
"GO:0045444"	3.35973887543658e-22	8.11175154810505e-06	0.00721694345728773	3.79090182270874e-11	7.07005211576956e-08	1.71858441868568e-22	3.76591775279465e-17	2.91051550093357e-15	0.992774874052731
"GO:0070064"	2.71987850410508e-09	0.99999915464572	1.38003721302039e-09	1.39140919069609e-09	1.01363058540704e-09	5.49967149739125e-07	1.08255633778588e-09	2.82004318552469e-07	5.79529984454848e-09
"GO:0070062"	0	1	0	0	0	8.45913920728551e-138	0	0	7.08572030725552e-64
"GO:0051276"	4.8282382024492e-06	6.39876864190069e-05	0.0280524950441312	0.971307842674725	1.18730176921754e-05	0.000292905288389702	7.89847201772867e-05	3.83625054232449e-06	0.000183247079720977
"GO:0051279"	2.80671132334845e-05	0.000391452389238724	0.431276455769331	0.0117801313386006	0.0546763813066729	0.000162217503145603	1.35794936076661e-05	0.00038645816342868	0.501285256922742
"GO:0007368"	3.04848380760805e-09	4.06102545539253e-05	0.000146652284241323	1.26901047233667e-07	0.92285776448145	1.59049155111303e-09	2.60593681813364e-06	9.03348190685493e-08	0.0769521451680951
"GO:0071333"	8.15687755619688e-15	0.999933137736819	1.18665113935471e-14	4.47636045435604e-15	1.33625786237406e-10	5.83041278715053e-05	1.93318514362141e-12	1.46783377377437e-09	8.55653189194772e-06
"GO:1901796"	6.14791724493036e-36	3.90093031855744e-07	5.06010980922193e-24	2.74670612449455e-33	1.4271832789211e-29	2.91285514253921e-08	9.61747557157511e-27	3.13621215077192e-24	0.999999580778417
"GO:0071339"	7.31266966997448e-05	0.0198758477745386	0.0149188818835813	0.00103860989054682	0.0243104414707175	7.78862038640413e-05	0.00178048087065901	0.0011437006294223	0.936781024579971
"GO:0030449"	4.57474283934719e-05	0.00638535459261124	0.0711559419856129	0.776651591773833	2.08844481877479e-05	2.31842779372324e-05	5.06393448827902e-05	0.00150337940923738	0.144163276739304
"GO:0035162"	0.00400045322469106	0.862150079068693	0.00934259128573447	0.0172688519259409	0.00147663080019809	0.00739159763110221	0.00716205423429264	0.0379884871554855	0.0532192546738626
"GO:0061418"	7.65566012944366e-11	0.682258689085481	9.22156382576672e-08	1.58782575551212e-08	6.86119926025199e-11	0.31252832700412	6.14252163703016e-09	1.04851279646295e-08	0.00521285904368533
"GO:0042098"	2.01948836307891e-08	0.660164669419419	0.0325233820895933	1.31160104228727e-05	0.00536022791611414	8.52450899161014e-09	4.77798584604259e-07	1.28129784793668e-06	0.301936816748625
"GO:0006361"	4.19211813904263e-11	0.000821760714977632	0.10348417573272	0.794905681235473	1.37419433660944e-07	4.89539320738928e-11	3.14234577652482e-09	3.79818210959852e-07	0.100787861845963
"GO:0006363"	2.17757444714389e-10	0.00169064065920322	0.135317371360884	0.664189770864862	1.10391522492718e-06	2.4102972048723e-10	1.05988199592654e-08	1.33158421790771e-06	0.198799770558
"GO:0006362"	2.43733864068277e-14	2.06194277006984e-05	0.000969986764844254	0.999007005378673	6.35814791037283e-12	1.13521226869384e-12	1.04749991249238e-12	2.61327540501492e-10	2.38815888930128e-06
"GO:0006364"	2.8433706643199e-97	2.67965387460905e-46	2.04648451893615e-11	0.999999999979535	1.05112413726932e-86	4.12934995168433e-81	5.14921951408407e-79	6.94521020925638e-82	2.74937550822407e-59
"GO:0006367"	9.71963554490213e-47	0.830031417034228	4.08605917806811e-20	1.67865367066665e-32	3.35202481726055e-18	5.86840990771504e-46	4.7681652793919e-35	5.78680519698816e-29	0.169968582965772
"GO:0006366"	1.40378710493904e-114	6.00833652971424e-23	6.34204704194414e-75	2.24120431508021e-103	7.85419979534821e-41	1.60877213198836e-99	2.28914639181667e-91	1.11040535910832e-70	1
"GO:0006369"	3.15919723226841e-09	7.772212298974e-06	3.82461919961223e-07	4.29852473545109e-09	7.14730564130411e-05	1.34740403687164e-08	1.35567515622606e-09	2.98960096333025e-05	0.999890453972297
"GO:0006368"	4.84452523811546e-30	0.999999999729124	4.76512113998501e-25	5.46574068737374e-29	1.58540357554776e-18	7.25906045249168e-24	2.37077479134436e-25	2.00792685214797e-19	2.70876068160474e-10
"GO:0016363"	4.61717465278258e-27	6.8196876470293e-12	1.15446597901206e-06	2.13009251545394e-14	8.20007119552112e-10	1.74924704769143e-27	3.57789884635876e-19	2.79371662815487e-19	0.999998844707173
"GO:0017015"	2.57044042450823e-10	1.96090097117724e-07	0.00939806230977206	0.990600877041009	3.19707367743563e-10	8.87798485337141e-09	4.05272942166786e-09	7.00170422536633e-09	8.44049951515036e-07
"GO:0017016"	6.350126389787e-06	0.0525968619302263	0.0479341853102371	5.21112087957789e-06	0.823303362635852	2.47551753444473e-06	4.69203037116859e-05	2.25404049605544e-05	0.0760820926502088
"GO:0042542"	1.25078979788423e-36	9.52595325030517e-23	1.43339507040144e-45	3.08513723399302e-38	5.14137053359612e-45	1	1.77043362970897e-43	7.11656446983737e-41	1.64553493061478e-38
"GO:0043154"	2.18289998474003e-21	3.370246073235e-14	2.91407075741486e-14	2.09433078117761e-21	0.999933329810689	2.62916333460452e-19	1.07961674494388e-15	7.5086486047564e-18	6.66701892472185e-05
"GO:0043153"	0.000786638429705976	0.0432701881795535	0.00033235014126776	0.000301739064703468	0.00111955669346002	0.181761404353209	0.000348227208626576	0.0436498049925265	0.728430090936947
"GO:0070888"	9.77297559654719e-07	0.000649983758157123	0.00460638178176563	6.55460415210792e-06	0.00918137603255238	1.3265620509682e-06	1.7955339406274e-05	4.55679316894601e-05	0.985489876692666
"GO:0004857"	5.26346878904581e-14	8.51868455746719e-05	0.0307750118757117	0.969139774648917	1.18038294225596e-13	3.37423018463697e-14	3.49725544611201e-11	6.04165397828010e-12	2.65885779301553e-08
"GO:0048738"	2.09027806468932e-23	1.89703529520368e-12	0.999999997607718	2.39038457689949e-09	2.13715445799079e-21	1.22355495826778e-21	6.99762730853385e-22	4.67486441775585e-22	2.64068217767068e-19
"GO:0005102"	9.56508740735418e-112	1.38941442116284e-35	1.06238447765704e-32	4.45625845212972e-81	2.28025190216121e-20	8.83836778107244e-112	7.3446274300755e-88	1.25877681968608e-78	1
"GO:0005104"	3.44815165265904e-05	0.999756486175827	1.32256271603498e-05	2.15430060947153e-05	1.54177212504473e-05	1.33325070389051e-05	1.51060747317074e-05	0.00011776082493861	1.26465464312766e-05
"GO:0042169"	1.56018978538541e-08	5.71623238919456e-05	0.0614707420355931	0.923433512064996	9.23663900656299e-07	2.291271693585e-07	5.51898268935278e-08	4.79886804760686e-06	0.0150325611246766
"GO:0010107"	3.1098315137907e-07	0.357377408733704	0.00155825636837553	0.000730830337334941	3.98474275122501e-06	1.15024035743184e-07	3.11563339644726e-06	3.12619996259411e-05	0.640294716177624
"GO:0008203"	1.90479683252755e-17	1.68644739983239e-08	0.000236248211483429	3.32992859503408e-09	3.4650466762183e-07	1.53546960613752e-17	3.07649298903559e-14	6.39484649631042e-13	0.999763385088776
"GO:0003887"	1.56760522894124e-10	0.0128780816743509	1.10149314826497e-10	2.02771360314958e-10	9.84332612607602e-09	0.968059895116047	1.16767336830332e-08	3.51639308729898e-07	0.0190616495805524
"GO:0042162"	0.0130530068332876	0.0162161450951194	0.0820877234183553	0.0289276449257154	0.0162479123758114	0.0049744177452408	0.00957106567916544	0.330541944237716	0.498380139689589
"GO:0001731"	0.0242219719614781	0.02658208025551	0.121939401550463	0.695160771165504	0.015859088000429	0.0270859609863099	0.00923770762379939	0.0711533428844889	0.00875967557201743
"GO:0001736"	0.000169559449303705	0.00955881758323353	0.478534888661419	0.0103338706032448	0.0035841132818514	6.25078408985354e-05	0.000356633032439334	0.00191016507723715	0.495489444470372
"GO:0036151"	3.21604942999208e-17	3.8564585544725e-12	3.08731477646177e-05	0.999969126848343	6.04065260131161e-17	6.88163791979489e-16	3.24320278688293e-15	3.6744041282223e-15	2.79729426854395e-14
"GO:0036152"	1.81136000837672e-16	3.97595901792073e-10	0.000305448319549256	0.999694551282781	8.49478229576382e-17	6.09866079828658e-16	3.55731681047229e-14	8.16259521254985e-15	2.89727847349401e-14
"GO:0032433"	3.15750235094845e-08	0.0220485361973863	0.0399240829680101	1.70503086593755e-05	0.868982684502437	1.62058265537256e-08	3.66538350884941e-06	7.78338157847726e-07	0.06902315452099
"GO:0032922"	2.69862051486007e-10	0.00121963846876356	6.0593843726957e-09	1.50372207727461e-10	8.47079661839452e-07	1.0124881782605e-05	2.15776321673438e-09	1.05203871741384e-05	0.998758860545236
"GO:0032924"	0.0520387769008587	0.0537723483904542	0.19636184877471	0.276995190253856	0.0748665637531554	0.0502573588598232	0.0269803821469718	0.192265953181489	0.0764615777386806
"GO:0032435"	1.93414909150316e-11	3.763568742149e-07	1.92219223972905e-05	2.11037343532223e-11	0.996485181866033	1.79803458016638e-11	1.87528566122429e-10	1.09021868883968e-09	0.00349521851852224
"GO:0032438"	2.95896185782407e-06	0.0422427047065836	1.48862628627628e-05	1.15769876255226e-06	1.77336517484506e-06	0.919283259073011	0.000139272818425045	8.36986117121017e-05	0.0382302885016103
"GO:0016627"	4.42753592831419e-06	0.755785502970715	0.000753842684756561	2.29896826521879e-05	0.000239410604870674	0.00227131536323903	3.97326321719549e-05	8.71379116127076e-05	0.240795640614053
"GO:0043434"	5.2783968371055e-11	1.55864169417316e-05	0.00181127417557134	2.57636750125097e-05	0.000259486081194222	4.45687324754767e-11	5.32056309451394e-10	1.65444978183987e-07	0.997887723576893
"GO:0072659"	1.45447603080274e-05	0.0728158697508473	1.26043674556844e-05	5.76235723090436e-06	0.000983423750174294	0.0199540709370061	7.29209618183931e-06	0.226142772135201	0.680063659845594
"GO:0043433"	1.13211641197473e-17	0.144951767998792	0.0153612853851441	1.03471778803263e-08	5.63186312315821e-08	4.35389446300037e-18	3.99972790069206e-13	7.0085709268087e-12	0.839686879942846
"GO:0016197"	9.22278997500587e-19	0.83659155862839	9.73390038103068e-10	1.00181932285461e-17	1.51557584017939e-10	3.15885275495995e-09	6.14639314305099e-14	9.71816934201667e-14	0.163408437087651
"GO:0016192"	4.49436802707278e-35	8.43076329909086e-08	3.36673716570741e-23	2.30059942790991e-31	7.82343728935424e-12	3.68542274423666e-30	6.50658441983705e-26	1.75494461793371e-21	0.999999915684544
"GO:0008277"	0.000492540749642782	0.985435688389646	0.000221495787099118	0.000201393138215108	0.000319080865339144	0.00656767531337845	0.000653407757404968	0.00516874108455582	0.000939976914718526
"GO:0008270"	1.39344201417444e-264	1.57812371284555e-61	4.20431038292488e-196	3.32527313882535e-262	2.97239386365706e-110	6.73322263205612e-170	1.30994615593601e-199	1.49203026393196e-166	1
"GO:0042391"	6.16237734629679e-26	3.7506357111937e-17	2.50087618449868e-22	5.38755085803637e-24	4.37119968162473e-26	0.999999999999899	5.28668618504436e-22	5.38745082560409e-22	1.01210533533054e-13
"GO:0042393"	3.53459224803994e-12	0.000351529106615929	4.36929698466935e-08	3.56820298298096e-11	3.43467618753179e-05	6.79732677045518e-12	1.43003367448679e-12	0.000324589168501565	0.999289491222593
"GO:0071108"	5.63755190580994e-05	0.0112348391338702	4.14499401923728e-05	2.82862312003402e-05	0.029575765566647	0.00939266900383651	0.000219617522878112	0.00102650987367106	0.948424487208646
"GO:2000811"	0.00476477475974905	0.00194365006035158	0.0030234693670692	0.00583367972580236	0.0026118244871732	0.395276448494128	0.454301623844573	0.126956492352345	0.00528803690880857
"GO:0003674"	2.05707902050146e-79	1.00569639711047e-27	6.8852924199941e-67	1.74417537446715e-79	2.23850556748331e-41	4.69727946377877e-22	1.60061605455011e-50	7.61968259239459e-50	1
"GO:0003676"	4.32563884140292e-125	1.06915967219605e-14	1.87037358575736e-89	3.19841218223875e-115	2.60167727278527e-43	2.95348709375669e-100	2.16722134520069e-106	3.58387225578052e-62	0.999999999999989
"GO:0003677"	8.32957669997889e-270	1.94218164493984e-109	1.0853823355257e-203	1.24264888094114e-261	2.36693796521734e-96	9.20490025559552e-206	1.2027270946298e-230	3.53792240322527e-162	1
"GO:0003678"	5.0103740860272e-08	0.959959913054289	0.000831644932768192	3.97084899849597e-06	0.00159033148275814	2.49688161885972e-08	4.62657295454572e-06	1.23385391856574e-05	0.0375970994964888
"GO:0048701"	7.74728586615508e-14	6.09906628516772e-08	0.00040002405409788	3.01727265970485e-10	0.0223784815663856	2.8908418786068e-14	1.03829848774954e-10	2.49256171807608e-11	0.977221432958264
"GO:0030877"	0.000620268446513818	0.780901416397775	0.0005996618595045	0.000251381367565703	0.0723432340689697	0.00105782518359875	0.000318213300832674	0.0125858299837438	0.131322169391496
"GO:0030879"	0.0951571849390268	0.0753885835442654	0.0674423956731624	0.0821519645903764	0.062725299389595	0.0438375933311744	0.534096157843496	0.0355197503816585	0.00368107030724509
"GO:0048709"	0.0828572313486687	0.14246197289377	0.0716676406534645	0.0765578827198262	0.0306680223085418	0.20469227458445	0.169187257992064	0.0553074530463213	0.166600264452894
"GO:0097150"	8.36971921928513e-07	0.000849877895846086	0.024635478187354	6.32304178446183e-05	0.0103619820094672	3.67816738078965e-07	2.44398197748402e-05	2.62694003292178e-05	0.964037517480724
"GO:0007190"	8.85399487742013e-09	1.70025669451747e-05	1.21044466363284e-05	3.39741200897682e-08	0.00912276546542386	1.22602371657388e-08	1.03829905646575e-06	3.3269251997835e-07	0.990846701441066
"GO:0007193"	6.85700552006706e-12	0.999998539463988	1.56147602124642e-07	1.21461920435226e-07	2.3452168922216e-09	2.67831508114175e-12	1.7995673795186e-10	2.2869073269526e-08	1.15752270759861e-06
"GO:0010923"	4.36821198521843e-13	0.943007151953317	0.00423691946782404	1.08763908411752e-07	1.05946254186874e-08	1.05209786291457e-12	1.48994121934859e-09	4.32294399054475e-09	0.0527558034059509
"GO:0046677"	7.61731925546287e-08	5.46908814764546e-05	0.0665187927503521	0.928736268744522	1.52515100825453e-07	2.85895048616368e-07	4.1305899194059e-08	2.56549284932276e-05	0.00466403680591488
"GO:0046676"	0.0760309290677444	0.0320240934859456	0.34307589955323	0.298631479801479	0.0942164511509998	0.0327495148965889	0.0321301979093598	0.0536585731973534	0.0374828609372984
"GO:0005737"	0	1.72339480573631e-15	0	0	0	8.81941499243983e-103	0	0	0.999999999999998
"GO:0002102"	1.87100866040351e-24	5.40910791447659e-13	0.317213808751036	0.682786191248423	1.04704787506193e-22	4.59268016686213e-21	1.5047820888507e-21	5.22759517670623e-22	2.05378881220468e-17
"GO:0005730"	1.64685096044418e-134	1.0657327461944e-22	7.03483106582686e-125	6.13404055574409e-135	6.10491794415271e-106	1.54633138086768e-07	1.36211167812135e-109	2.00478084961182e-61	0.999999845366862
"GO:0005739"	0	0	0	0	0	1	0	0	0
"GO:0006646"	0.000588573772716758	0.00202831979224106	0.000330708877868057	0.000634110759484862	0.000294583933309417	0.983083842571125	0.00687056060382255	0.000350450081508211	0.00581884960792391
"GO:0006644"	2.37518777713754e-25	1.07181600102614e-13	0.0358684279289877	0.964131572070905	4.36241758566127e-25	1.27719957879245e-24	3.62648049921515e-21	5.13132631804707e-22	2.54895539613752e-18
"GO:0006641"	3.06722170119067e-12	1.82605029909348e-05	0.889597381842839	7.64058618967539e-06	1.8739093187244e-06	2.46818685200091e-12	6.03856632252913e-10	2.22674929643847e-09	0.11037484032252
"GO:0030658"	2.08166527671857e-08	4.30238972792944e-05	2.76096231235209e-06	7.91716036495849e-09	0.251115828072884	3.18388322844928e-07	1.77439454636686e-06	3.98583255292491e-07	0.748835866967587
"GO:0030659"	0.00635930235015128	0.00496554161863533	0.159308006561347	0.142274198034944	0.676679048512017	0.00239265016384203	0.00241818859553074	0.00560303480216365	2.93613687541007e-08
"GO:0030126"	3.14297289894833e-16	1.0880294098861e-09	3.57095165831908e-11	1.29684630072994e-12	2.89438069934594e-16	6.81113992258411e-15	0.999999998874955	1.65730151583229e-15	4.03086918334279e-16
"GO:1901800"	0.00131059720216135	0.0721724622852235	0.0311514158647477	0.0478027128132824	0.00483616521449573	0.000485693062900739	0.000614925117982297	0.0302055047055823	0.811420523733624
"GO:0006919"	0.00111556543059505	0.0277960304349856	0.602996571969152	0.0866196613678708	0.216024040096553	0.000418244872893777	0.00117611932370438	0.0139856753727374	0.049868091131508
"GO:0008757"	0.0294241839745687	0.288485935265383	0.0617872239800486	0.134114029619034	0.010980531125383	0.0108607861019312	0.0110116172195201	0.4103570138386	0.0429786788755313
"GO:0006914"	1.50213137615566e-26	0.000171013285595436	1.31649683509551e-09	2.68654939427094e-16	1.72167648694983e-09	2.60451500912994e-26	7.23246093350367e-20	1.07305178052203e-14	0.99982898367622
"GO:0006915"	5.27897190700538e-138	1	6.20154900236661e-80	7.81757483231676e-96	3.07023257924341e-136	1.29581087364258e-100	4.4037030595206e-90	6.71441427439739e-86	8.33719196343846e-35
"GO:0006913"	5.60032817385422e-06	0.000215142075617805	0.0253335412522238	2.12464133093262e-06	0.957589329845168	3.32098695242236e-06	2.74909930244861e-05	1.03327805296455e-05	0.0168131170969793
"GO:0000775"	4.74933395549684e-09	1.8320629831051e-07	1.05945244225906e-06	7.63653907931811e-09	0.983790421324945	1.79320972623489e-09	1.85769376520628e-09	1.47821430183287e-05	0.0161935378365194
"GO:0000776"	3.58844191766661e-14	0.00475320887858036	3.23736754442032e-08	1.11569559606062e-12	0.0839062868015457	2.3027448473414e-13	1.03681376086532e-10	3.42319749805415e-09	0.911340468417938
"GO:0000777"	1.28185594089926e-11	0.218927328600556	2.17788283414663e-05	1.07372985497644e-09	0.00311580540161266	9.40306720123339e-11	1.06543588855728e-08	6.91601708510899e-07	0.777934383732843
"GO:0031528"	0.00141593723131651	0.00820648119043003	0.000818180091135499	0.000978371223811681	0.00766708327599533	0.00359510312529606	0.000663814761247097	0.0280234445727711	0.948631584527997
"GO:0031527"	0.0150828306669382	0.230682325583996	0.107439112382096	0.13586963299153	0.0139009426908317	0.00709876757050671	0.00715463366132095	0.242215381598009	0.240556372854772
"GO:0071850"	8.24810590683769e-07	4.98473684852552e-05	0.276825593366875	0.00526339444438395	0.00520083986408851	7.10700698630295e-05	8.15632617597604e-07	1.56608989955226e-05	0.7125719535441
"GO:0051216"	1.01312004315392e-18	1.05367981242191e-07	7.07598946312076e-05	8.52113955614243e-14	0.00186613008851698	3.72718568851414e-19	7.11923312799957e-15	4.33569619475333e-14	0.998063004648735
"GO:0051213"	0.00399668903647115	0.359801276251899	0.00316049429090362	0.00172553208400925	0.0482235284146847	0.0245583666964861	0.00218016457169016	0.150354162180509	0.405999786473347
"GO:0007200"	4.18899874489325e-19	1.204746872308e-09	5.6055359639424e-06	0.999994393259286	2.87055828498787e-19	2.74327334832518e-17	6.63363743656003e-17	1.04410741301666e-16	3.06937871811853e-15
"GO:0007202"	1.96210045804608e-05	0.987539034856395	7.23504010733218e-06	9.066454877198e-06	3.04106444906353e-05	0.0119268679118985	8.20672077377317e-05	0.000329759988360032	5.59368915528171e-05
"GO:0051219"	5.83781835862495e-08	0.000153624438881255	0.00345368749523117	0.000278736163335933	2.91649163532266e-06	4.64987940718846e-08	2.03730819441772e-06	1.20206746346161e-05	0.99609687255111
"GO:0007204"	5.23096083284358e-06	0.049887553887563	0.000109710499448013	1.13303752374983e-05	0.000194920788859999	8.20801736729762e-06	1.92563308926557e-06	0.438272888767116	0.511508231070486
"GO:0046847"	0.038905262065598	0.0233431645122458	0.143620690449934	0.232378107370412	0.0244760458475066	0.0250627048185178	0.0415141160279951	0.401852535022895	0.0688473738848949
"GO:0007346"	0.00421453714122082	0.0714290885535231	0.0119835375810412	0.00788664993562528	0.0103622781763832	0.00453818588246341	0.0017848958787256	0.125542070786098	0.762258756064919
"GO:0071356"	1.358250646254e-06	1.30616703076392e-06	1.35994623119874e-06	1.93688070249191e-05	6.36946617882278e-07	5.72379418905522e-07	0.00128214840990354	0.995658797086931	0.00303445200619526
"GO:0071353"	0.000385593781107641	0.000264880443595232	0.000585094869162006	0.287220757527341	0.00627582885393234	0.000323426262391735	0.00115423074893266	0.0136644806394487	0.690125706874089
"GO:0001965"	2.74619214144618e-08	0.00780414396117047	1.28041963639071e-06	2.6032179632506e-08	0.000598045827388989	8.24805128050367e-07	4.43833595415389e-07	8.11871520698074e-06	0.991587088943773
"GO:2000649"	0.203242607072101	0.111173238968153	0.0810005563803871	0.075442303013062	0.0859992146593016	0.105131899650901	0.188101438140452	0.0752127095776376	0.0746960325380046
"GO:0001968"	2.47057770162217e-06	0.0398676653605105	0.0106015928976357	0.000141218488470174	0.00645630379178568	9.08880894535228e-07	5.30534872353677e-06	0.000329782680340911	0.942594751973937
"GO:0033268"	0.00984531492768658	0.099432984094851	0.00775657836061891	0.00445230004389162	0.00775222873440921	0.698367804276265	0.00664360145694711	0.0710455694165415	0.0947036186887886
"GO:0035145"	4.15182287424179e-07	0.000665934757500125	2.70259838037226e-05	3.10415914836989e-07	0.00793284217359469	1.15354684819285e-06	6.78886430941053e-07	2.42769143051074e-05	0.991347362139315
"GO:0045071"	5.38481166284394e-19	6.58303040703646e-10	2.623081028834e-07	1.59160336797034e-17	0.999996543533577	2.49313833832912e-19	1.78261671328618e-17	1.71417072022345e-16	3.19350001692441e-06
"GO:0050919"	6.43675924488119e-05	0.0270572835021942	0.00265214311730647	5.70624940089058e-05	0.0109259514210063	0.00463354787203359	0.000630345598642967	0.00552955056073702	0.948449747841622
"GO:0006349"	5.64690775565226e-06	0.00161389911698024	0.000166688288485764	3.35543641015732e-06	0.0238462252378707	6.2375994588429e-06	3.20707117198516e-06	0.000303652446809242	0.974051087895057
"GO:0006342"	5.69320176410486e-07	0.060457741144123	2.13936382247716e-07	4.76626167736257e-07	5.56960578293056e-06	0.927251554801436	1.51631778724267e-05	4.92933368695376e-05	0.0122194180511897
"GO:0086010"	0.0423404761325031	0.0274678273249666	0.135886771230463	0.600898659078444	0.0182765046473898	0.068182963108591	0.0753548244102377	0.0161728683479574	0.0154191057194479
"GO:0043171"	1.98470853280411e-06	0.000336600665077957	0.0371556638000081	1.62147024376843e-05	0.503260504456692	8.12937326470563e-07	6.68288786970801e-05	1.19510420272934e-05	0.459149438809201
"GO:0006120"	2.82705068145099e-05	0.0161557332002345	9.47424100711873e-06	9.67544071049458e-06	0.000562203408224782	0.982710627444344	0.000410102101587802	9.52884449742855e-05	1.86252121021893e-05
"GO:0007585"	2.9297213224875e-10	0.134874363568181	3.16497797791945e-10	7.15860839961788e-09	6.10237545923948e-07	0.771974514504649	1.47944362510464e-07	7.94494479875144e-08	0.0931502765277354
"GO:0000186"	2.77044297716567e-15	5.15846825342843e-06	0.897790144260838	0.102166328398325	1.67982026451595e-12	2.62631836544102e-15	2.73315460842828e-12	9.96196712655681e-11	3.83687685455114e-05
"GO:0000184"	1.59738614129534e-24	6.6462941342327e-11	0.0288744890166952	0.971125510916842	1.45362485331471e-21	4.12407773600416e-22	6.2567941443105e-20	4.81124794419582e-20	6.03583596923939e-17
"GO:0000188"	2.28330125971647e-06	0.0052737247374471	0.000101475677345473	2.42484622675167e-06	0.0366296134402524	8.69239280654398e-06	7.04262633172009e-06	0.000241964865305765	0.957732778113024
"GO:0004872"	1.21932197359194e-32	3.00901462442184e-11	5.21908007748998e-08	6.53721239303982e-16	1.459404060167e-21	4.48595486911917e-33	3.93602888701234e-31	2.8646690862727e-16	0.999999947779108
"GO:0004871"	1.64740555200381e-34	0.999999592545418	2.51001412741076e-31	2.20510681765968e-34	5.34285680603878e-21	6.29864522234269e-20	1.08745389743299e-30	7.05055587955438e-16	4.07454581459875e-07
"GO:0030169"	0.0534440971543434	0.0198055853458807	0.0226729749279536	0.0303988869571342	0.0201946410615582	0.762721761477116	0.0411746095642753	0.0299282631721716	0.0196591803395672
"GO:0050661"	1.72345995396348e-22	0.968033777207045	1.2866132206477e-24	1.54259099073022e-19	1.99434258272636e-20	0.0319662227929545	2.12935570168181e-20	6.66341661389345e-21	4.54155226539216e-17
"GO:0050660"	8.00400122408021e-23	0.00420077639130773	3.65238049964005e-18	4.72079274199384e-22	3.7044568218065e-13	4.63545465847475e-06	3.56464366044748e-14	1.24071560727704e-16	0.995794588153628
"GO:0048538"	1.33817579752622e-06	0.0302907329782739	5.01299636351749e-05	6.55000944189728e-07	0.653907954042267	7.60293461426558e-07	6.21154643320787e-07	0.000459439475878106	0.3152883689151
"GO:0048536"	2.16081728848996e-16	3.4698205768595e-07	0.997444244575176	0.00255019437254111	2.61720052914593e-12	5.48628143930444e-15	6.47667189787623e-13	3.249150427013e-13	5.21406662945004e-06
"GO:0048535"	1.88893567744928e-06	0.00216341403191091	0.854731441289001	0.135100684740491	9.34326391735473e-06	1.72613061618505e-06	1.06859888274396e-05	4.0780162195818e-05	0.00794003545736209
"GO:0005694"	1.98159277194718e-15	3.08766455728737e-05	2.25876973450704e-15	1.41286137418013e-15	1.32979496222731e-08	0.0033816152679889	2.05970202742387e-13	6.66714943649664e-08	0.996587428116783
"GO:0006977"	6.69166415491804e-24	0.0034885553317747	9.85591156907082e-05	3.19015966712479e-22	2.69414382276532e-15	6.62374006022481e-14	5.46703037511861e-20	5.73975730946404e-17	0.996412885552466
"GO:0048286"	2.97980819947812e-12	3.76392698699755e-07	1.82732205250244e-06	1.27887786831724e-09	0.00248301951803657	1.18724155093343e-12	7.19545061699528e-11	5.98360619744821e-09	0.997514769428607
"GO:0004252"	7.31054763659051e-58	1.07773830743479e-10	2.34332466402309e-07	0.99999976555976	1.88839450004168e-52	1.84922866303991e-54	9.21774387027698e-47	1.34032643614836e-45	2.70522113677789e-31
"GO:0009168"	1.87254568705707e-11	0.000158672033157747	1.35068885572607e-11	4.31605220819403e-11	9.62322528867568e-12	0.999841204114484	6.79908344280566e-10	1.0165167083558e-09	1.2207091695064e-07
"GO:0005783"	4.26428696015391e-177	1.32979780397724e-66	5.5605746121525e-19	1.725370374623e-61	6.77205266390464e-92	1.48103761155816e-176	1.27778153977606e-144	5.79425255372123e-110	1
"GO:0071456"	1.66571011240371e-15	1.91237077552299e-05	6.36944814079688e-06	0.000147027746336378	2.84078649250474e-15	1.2165808000121e-15	2.00510421455866e-13	7.56010189963337e-08	0.999827403496542
"GO:0001755"	3.23554273710351e-11	0.00567692375863861	8.3049951739294e-07	6.41703734071586e-11	3.71504128346989e-06	2.02591228192773e-08	7.33777930678794e-09	5.56204126484209e-07	0.994317946803006
"GO:0001756"	0.00115729759805105	0.546658572927823	0.0139208534734385	0.0353063652220054	0.00208736055679477	0.400499974753512	0.000138889142052691	0.000121224780883331	0.000109461545439642
"GO:0001750"	1.53996473383871e-09	0.00480647832917859	1.0138996675633e-08	8.50974212863977e-10	6.3841954972011e-08	0.236385810169237	1.47602718042767e-07	2.2323669509267e-06	0.758805255160025
"GO:0016605"	3.85254974911616e-27	6.33685099143392e-13	6.46644658044604e-08	2.8427629112985e-14	1.51678913735057e-12	1.55946243366101e-27	9.83256100823032e-23	2.45829969420824e-18	0.999999935333355
"GO:0016601"	1.4139386902914e-06	0.0324864356650752	0.0382116488614017	4.60621709132208e-05	0.00657302981311992	9.22219582763024e-07	7.48254369735484e-05	5.97729047411009e-05	0.922545888989502
"GO:0042826"	1.28468557752721e-21	2.01364575702806e-07	2.42108922168042e-11	4.66999671051873e-09	5.94538320657911e-22	3.2122538849991e-19	8.99501762664063e-18	2.15634422310348e-11	0.999999793919653
"GO:0043410"	3.43815233297416e-28	0.999999910915598	4.0024879416778e-09	8.50819143954455e-08	4.54759477748638e-25	6.06743030148099e-26	1.29529092717488e-25	1.88781968855124e-20	8.91597121593457e-19
"GO:0031267"	1.74840907555219e-05	0.997931763341331	0.00028272332623602	0.000368528839855114	5.84656876060306e-05	1.01300178896094e-05	4.27247998713793e-05	0.000681893582684431	0.000606286313770471
"GO:0000407"	0.00251589008936971	0.0222888536492123	0.249849693970169	0.285814522369177	0.00275106780740349	0.0017028461698383	0.000938824912457673	0.0536266777644617	0.380511623267911
"GO:0006783"	2.35725097497099e-15	1.52339361175491e-09	1.04338361319633e-14	6.42063751210487e-14	1.52351189443421e-15	0.999999995609921	8.63175978420135e-14	4.28698423681212e-13	2.86609199731313e-09
"GO:0072583"	4.36283936306546e-08	0.0410990939111862	0.0245107519009572	0.000184037024931641	0.000691110723022188	1.61970033568577e-08	4.35790514643471e-06	7.34896452318026e-06	0.933503239744836
"GO:0030819"	4.07590478275069e-07	0.0674930532710314	1.18655080358463e-06	1.49963534800969e-07	0.000598134284384034	0.00190759581785337	2.56166089111493e-05	5.28893685107136e-05	0.929920966544493
"GO:0005198"	2.07032512271528e-36	2.20493794418629e-06	3.38934199025005e-31	7.70579947298533e-37	4.89773136474271e-18	3.37400094759174e-17	1.70687164309701e-25	1.75646272241877e-23	0.999997795062056
"GO:0050873"	1.05961711060098e-21	2.08780011342545e-10	8.61100328450173e-29	4.29062986739362e-24	1.65896116546505e-28	0.99999999979122	2.15094309390381e-27	1.83586454635756e-25	1.01448760560313e-24
"GO:0030100"	2.2528727105257e-06	0.150781160582042	2.70580817118277e-05	2.17516028749045e-06	1.56758033783533e-05	0.00663232925064153	0.000122378919494729	0.000807736304150977	0.841609233025583
"GO:0004407"	2.61611099411403e-10	0.000695114532563035	3.1570993916282e-08	1.7681611368955e-10	0.00254409348756778	1.0423887819331e-07	7.87315138477992e-08	2.31654961473135e-07	0.996760345345095
"GO:0004402"	3.38694309119176e-09	0.0241422898546238	1.56402715674817e-09	4.41887384029777e-09	2.19812282915851e-06	0.0283236997846339	1.55476209698131e-08	3.30478429672999e-05	0.947498739477481
"GO:0006661"	2.00019067590052e-16	3.35135801291078e-06	1.54420188977057e-15	8.89349311995539e-17	1.16404235425391e-10	0.000733185535589053	8.00465936339974e-13	3.59550528006274e-10	0.999263462629641
"GO:0006935"	3.75441776357765e-15	9.91189559814315e-11	1.2795069676462e-09	3.81257527018388e-15	0.0914318625905857	8.73123907622905e-15	1.67308520008615e-14	2.49982275431272e-11	0.908568136005757
"GO:0006936"	2.79438466694281e-46	2.8500907346416e-24	1.27203430791856e-64	7.4901540142281e-52	1.782269259657e-57	1	1.47048119836341e-55	3.68446062845466e-56	1.34973854623133e-46
"GO:0000792"	3.82639334541027e-06	0.447150402065778	8.39387937907202e-06	1.42684836298656e-06	0.0773323936512961	0.000199663899753757	4.02076254466401e-05	0.000203548939400841	0.475060136697237
"GO:0000793"	0.00158834942480081	0.0231398450779057	0.000631125159666423	0.00132675842237398	0.276439447460216	0.0103107230059416	0.000598429591130446	0.0158165391854059	0.670148782672559
"GO:0000790"	4.12729481178917e-27	7.2702627291455e-10	4.13143086220255e-21	1.52402577401379e-25	1.61319841259752e-13	1.11362043716781e-23	9.91585919695879e-27	1.8706035689297e-13	0.999999999272625
"GO:0000794"	0.00173252295333809	0.0411196214836768	0.00337391856232316	0.000945927256433623	0.0905019304042903	0.00261728745034398	0.00103078528498683	0.0232071257174792	0.835470880887128
"GO:0050731"	0	0.999990606654087	5.30225871756048e-11	1.55874499827015e-12	7.40752032761621e-09	4.48759329506833e-09	5.21301901619255e-08	3.26775897885801e-09	9.32599826858974e-06
"GO:0034644"	1.02175180221389e-14	3.52599220671996e-06	6.17379140749952e-07	6.27600267517978e-12	0.00117418188958939	1.71058960759365e-14	8.35610554221937e-11	8.19798401843277e-11	0.998821674567219
"GO:0044344"	3.75250050852221e-05	0.0140726441382383	0.166752186890462	0.0043888335239446	0.294935065698445	0.000642863649004091	1.74286911627723e-05	0.00183892630698876	0.517314526096669
"GO:0048278"	2.73067817147407e-08	3.57349992564876e-06	1.60952305713148e-08	1.578147967926e-08	1.457420461168e-08	0.99885838495047	1.29721728572992e-07	1.07180556763229e-06	0.00113676626461151
"GO:0051233"	0.00080674989619005	0.0310784439505661	0.00029875040854923	0.000432219098649927	0.000310859477514866	0.173903160725761	0.004610167082989	0.00180414523375748	0.786755504126022
"GO:0007223"	7.13514119892782e-06	0.121678975662197	0.00339964339962186	1.76967403198604e-05	2.24325121876667e-05	0.000178961436128804	9.30959068256878e-05	0.0018851081075427	0.872716951093978
"GO:0007220"	2.09491942300436e-05	0.0432948644668765	0.8557581715112	0.0128759591741821	0.00378220544151425	2.2313717499077e-05	2.19573715347359e-05	0.000615437694693303	0.08360814142827
"GO:0010719"	0.0389182004495255	0.220843903633302	0.01634928711197	0.0152684016828146	0.0977768909199252	0.312251762900082	0.0409041971017419	0.0758300128684438	0.181857343332195
"GO:0010718"	1.02357133100172e-06	0.417168364741915	0.105320337339165	0.474184852156225	1.02650585585184e-06	5.27776926662889e-07	2.5671050249142e-06	0.000420958439882761	0.00290034236367358
"GO:0007229"	8.27286009971603e-30	2.71787906430378e-08	4.32056010506388e-05	9.34767030107468e-13	2.8692131486487e-15	1.46788899297451e-29	1.13071080709941e-25	8.41264757605787e-20	0.999956767219221
"GO:0032088"	1.79001671643305e-11	1.43757888762001e-07	1.28242489053745e-07	3.47305483056299e-10	0.00198210067587897	6.80231662105455e-12	6.8093999414197e-12	6.94173350864718e-06	0.998010685211417
"GO:0046827"	2.80447061452964e-06	0.00153327441176496	0.00391809219101213	0.000506723014607902	0.000528950344889681	1.03472703863955e-06	1.40133191149761e-05	0.00012380661037573	0.993371300910581
