"V1"	"V2"	"V3"	"V4"	"V5"	"V6"	"V7"	"V8"	"V9"
"GO:0034199"	4.69185512325653e-07	0.000372187400021275	0.0013518528758888	1.7277710984434e-07	0.59721427009185	1.03651431108201e-06	8.91093954764049e-07	1.2365526017019e-05	0.401046754535335
"GO:0034198"	0.0138778295771049	0.215468615271934	0.00510904487524451	0.00514729740107025	0.00899678373278394	0.278348030160153	0.0254562389679149	0.0197810799796458	0.427815080034148
"GO:0030855"	9.64316413981999e-08	4.52684013630759e-07	2.39731972569488e-06	3.6731189928418e-08	0.879427531223183	1.36416842926976e-07	3.57354843659785e-08	5.18075787599304e-06	0.120564132700043
"GO:0031100"	2.80838533063361e-20	6.42019665876574e-11	8.8789302499227e-07	1.60179201815692e-16	0.997802607660176	1.13441514486951e-20	3.01915390944214e-12	4.71739420876968e-18	0.00219650437957811
"GO:0050830"	0.000525336619599131	0.000208951899867067	0.00100087471023695	0.000193478026687288	0.981199217616547	0.000287331560871593	0.00479362337488884	0.0116000932004818	0.000191092990820642
"GO:0050839"	0.44686100207913	1.71274157775243e-12	2.86296963937627e-12	0.553138268407678	6.70785491605662e-07	2.54201696409775e-11	2.24843262825226e-10	1.26491559202111e-09	5.7207946234684e-08
"GO:0051781"	0.0716320703572621	0.0549297168603502	0.0534022376008878	0.282137904820301	0.0928090167800903	0.0413491383331416	0.0474753019495922	0.330574529157536	0.0256900841408395
"GO:0010906"	2.25988440127474e-09	4.62325863697089e-07	0.000380744397882084	1.40901129740929e-08	0.999362946017729	8.32044959769174e-10	3.87289948238049e-09	1.28946794532616e-07	0.00025569725678911
"GO:0046658"	0.00278647887040283	0.00201116879237936	0.00125311604787448	0.0129666783228766	0.0384174439953078	0.00324179145005859	0.899160663620957	0.0273548254997802	0.0128078334003634
"GO:0046655"	0.117140462152198	0.0449843407873091	0.0672175814170611	0.0471408267125682	0.450650680614354	0.0567113674787649	0.121165677770175	0.0521591211393482	0.0428299419282217
"GO:0005719"	6.33236114105139e-08	0.00481052004602679	0.116174416842119	0.00218525724047983	2.67493158788256e-05	3.21944565059102e-08	2.30845348698485e-06	1.53510322947545e-06	0.876799117480711
"GO:0051879"	0.000331450976050842	0.00417494044026739	0.00203484166458264	0.000122138893475183	0.968420223361344	0.00130519186799818	0.00386986947304759	0.000378038988767089	0.0193633043344667
"GO:0007626"	5.61598229478562e-22	2.93273939650108e-12	9.46749642871559e-22	4.35466611251492e-14	5.60908883785313e-16	0.99999994271103	1.5970117273988e-15	7.00636585631353e-18	5.72859921257978e-08
"GO:0007623"	7.63787960443591e-08	6.39144174975675e-07	1.27761613513269e-05	2.81033853764887e-08	0.936722676323842	1.21128677223602e-07	2.81444124203291e-08	9.98736457342005e-06	0.0632536672507871
"GO:0006629"	3.11310207888197e-87	1.02023590450574e-31	0.999788657045496	0.000211342954504206	1.20245222452797e-104	1.31830434893216e-104	4.49607264787982e-86	3.87327400520038e-92	1.40529964432645e-96
"GO:0006626"	0.00196376195101589	0.00844560162791294	0.0956128569568115	0.00172204443254792	0.211214897399057	0.000894021829750146	0.000975241498956399	0.00980810820406907	0.669363466099879
"GO:0007628"	0.14741056867145	0.0764179059394347	0.223556249216621	0.14994844904277	0.185907990080413	0.0566576201459497	0.0817077859815181	0.0612585606429618	0.017134870278881
"GO:0036459"	0.0269654047618321	0.0414663045376775	0.0276945658846379	0.011196260089003	0.787406187801307	0.0309466386604982	0.0490271154465477	0.0155382391490958	0.00975928366940052
"GO:0030674"	0.00327120420528287	1.47307745000949e-15	3.45538099682786e-15	0.996728773026983	2.24314818451298e-08	4.23709101026286e-14	8.62934012091222e-13	4.79000985210391e-12	3.30552330041371e-10
"GO:0030672"	0.0516865805850054	0.0190158624917625	0.0190955721957149	0.0194778539566595	0.0193448446629343	0.0742834086922941	0.681708538924745	0.0965309679821632	0.0188563705087214
"GO:0030670"	2.47410592148872e-13	0.999999759430988	1.06318365226255e-10	4.65067971769426e-12	2.26561281562705e-07	2.08932261931972e-12	1.33959107150718e-08	4.09331479417716e-10	8.91820908111563e-11
"GO:0048384"	1.74586976955773e-06	5.57158266591117e-06	9.48712535481979e-06	6.5042006833382e-07	0.997771550776415	2.56686130449806e-06	3.71804542278518e-06	2.43060298272325e-06	0.00220227871601677
"GO:0000289"	0.0150533317697741	0.011257783811527	0.163745589035597	0.106894677818862	0.369194366288133	0.0102354904177496	0.316838512930032	0.00580442144574965	0.000975826482575767
"GO:0000287"	2.54902819526645e-13	1.07549073165407e-12	7.69176780838503e-13	3.23811346027052e-07	9.82498725060742e-09	0.999999341539886	3.24821463070409e-07	1.17449805486395e-13	1.00949097321166e-13
"GO:0045070"	0.00040319720188629	0.00604716530330462	0.436064466422499	0.542488751566706	0.000436581539862302	0.000160891767735575	0.00565087836596251	0.000612648688040522	0.00813541914400329
"GO:0000281"	0.0297430638420391	0.234915584593528	0.0994492256571595	0.0813200410581034	0.0803336588233283	0.0123906804239494	0.0147070748117325	0.186539359128994	0.260601311661166
"GO:0055007"	3.01120444657951e-10	1.12752931859831e-06	7.5179613546091e-07	3.25113159849067e-10	0.999744809731948	3.21155431944066e-10	2.85538825531356e-08	1.0257187299579e-08	0.000253271184139166
"GO:0006974"	4.20884605721876e-19	4.40149395606506e-11	4.01540933158681e-12	2.68588526812251e-19	0.999999989437209	7.71827392928928e-13	1.02760050400625e-09	1.35202047003147e-16	9.48638817952787e-09
"GO:0048037"	0.0211219247127026	0.000810072971479684	0.00279192630424766	0.00454085699829002	0.00165939649000855	0.272718944186854	0.613282685527932	0.0822843989369399	0.000789793871545816
"GO:0043928"	1.54919519870895e-06	0.000605101132869183	0.0411220094098466	1.18361408046937e-06	0.00113326663775189	4.38395851690443e-06	5.38664522197915e-06	7.41180335030128e-05	0.957053001373011
"GO:0006979"	1.68249996359445e-09	5.60382309060992e-08	2.99107008670835e-07	4.33957730013794e-06	7.89746242135615e-10	1.82841749305361e-09	0.999995245453444	6.43981055239694e-10	5.48793715856858e-08
"GO:0004197"	1.02225941732618e-29	5.73530469530317e-17	4.54104942012036e-24	6.67920314503459e-25	1.21337407391354e-28	1.95177314271234e-27	9.04884363558032e-27	1	3.56205549216352e-30
"GO:0004190"	3.10991702151124e-09	9.77373853763179e-06	2.28716403818724e-08	2.18338400893765e-08	2.29246086461642e-09	9.93926877101519e-08	9.60045802646141e-08	0.999989979626358	1.12997808920994e-09
"GO:0004198"	0.0360505577040807	0.0518339969489639	0.0298406193013976	0.051654158106723	0.0181063544188197	0.0133074218106809	0.0336555898834746	0.752413548876381	0.0131377529494791
"GO:0018107"	5.91907324708853e-05	0.0659765710078917	0.000533358635563921	2.20361883629776e-05	0.00883807026029647	0.00295929788752595	0.00257465554389098	0.000505618618063981	0.918531201125933
"GO:0018105"	1.39964617788025e-07	5.86593058594919e-07	5.07977614815579e-07	6.10789601672826e-08	0.999394419735315	6.79538520833006e-06	0.000597437763716649	5.15014540932349e-08	5.46695375761757e-14
"GO:0018108"	0.0798920780875127	0.334192809584638	0.0474451010380221	0.120444925203833	0.0976889248588556	0.115628083180821	0.0298040327017527	0.145544059408616	0.0293599859359487
"GO:2000060"	3.51335478282272e-12	0.97560571283915	6.57711198781072e-14	6.56118060363876e-14	4.8781947896113e-13	0.0243942818116483	8.01254656644692e-12	2.36011025394668e-11	5.31345569608587e-09
"GO:0045445"	1.93838233380498e-07	0.947748836334104	3.1909353596875e-06	1.85423067630899e-07	0.00490147015738295	8.29223550183175e-07	4.20698317948233e-06	1.79950246418946e-05	0.0473230920804804
"GO:0045444"	1.16356563969557e-08	0.219611013190637	0.156475568737977	0.610303673482723	3.15749744274296e-08	2.7909917877416e-08	1.4793239824631e-05	0.0135948760284111	4.19987841033974e-09
"GO:0070064"	6.82116987732412e-08	2.30816347693893e-07	8.55786739615098e-05	1.64826000723201e-07	0.999913670047688	2.75544695944628e-08	9.32086495179325e-08	1.4217169844748e-07	2.44894852987953e-08
"GO:0070062"	0	1.9186844970277e-44	1.43425454802076e-65	1	0	0	2.04927665978891e-228	0	4.95768890734746e-266
"GO:0051276"	0.00633790185256551	0.569598991190111	0.0394362888075111	0.110913927079706	0.00271687817860379	0.00242742203136911	0.00329851323755945	0.0614217780595902	0.203848299562984
"GO:0007368"	0.0159918300977189	0.0143949800624318	0.0231702721343624	0.453295722758532	0.0283199620591649	0.0203893358027031	0.0280910496894638	0.410626107613211	0.00572073978241163
"GO:0071333"	7.72962886416353e-20	1.5440837072736e-12	0.999999999998456	1.85681751872846e-31	3.79474537280845e-31	1.67255487036877e-28	6.33840497233708e-32	3.4656655670748e-25	1.84002186262387e-21
"GO:1901796"	5.67416204117708e-15	9.73004115052331e-15	4.3013617507241e-05	0.999956905781453	2.85895292944835e-14	7.50136374664346e-08	5.58735473801998e-09	3.16816381315497e-15	9.6461062091234e-31
"GO:0071339"	0.000467172116017821	0.00625081433382772	0.877781455299653	0.097176634723571	0.00197641953027087	0.000176658625985334	0.00300335424627807	0.000863654929995247	0.0123038361944009
"GO:0030449"	0.340225186222662	0.00185564195410941	0.0530335647144113	0.0175503598266286	0.416975372018417	0.0348755984157264	0.127799239861171	0.00677067121320784	0.000914365773667435
"GO:0035162"	0.0469986864341417	0.0254804595174368	0.0251175981813085	0.0177616839947832	0.0752049520505454	0.15255356184455	0.244111066675221	0.0203531807366943	0.392418810565318
"GO:0061418"	5.6525252772501e-05	2.39697551243964e-05	0.00596665954454201	0.818931477770937	2.90399267352388e-05	0.174834214127706	0.000115341043846968	2.26662576853279e-05	2.01063206504174e-05
"GO:0042098"	1.89989577492898e-15	7.80899520672515e-10	0.321966074861739	0.678033921434661	2.92966165768657e-14	1.57444043373822e-13	1.45371221208757e-13	1.33653147079907e-13	2.92223284043654e-09
"GO:0006361"	5.29574535279276e-05	1.97039909280109e-05	0.00757770396138744	0.990146721502167	2.7542467005084e-05	0.00166494058371674	2.70866928117623e-05	2.16102170268143e-05	0.000461733131429265
"GO:0006363"	8.46526050002305e-05	3.14823545316399e-05	0.00975271200628822	0.987122076194583	4.27780592416769e-05	0.00226790314493747	4.31187679914672e-05	3.45312660792792e-05	0.000620745601347267
"GO:0006362"	1.43486710524447e-05	5.30909381547731e-06	0.0289772434058246	0.970134370186776	6.56072170343818e-06	0.000714934125053332	6.49795412845824e-06	5.66704584798536e-06	0.000135068795798025
"GO:0006364"	1.33151964190924e-63	1	7.55647706012863e-22	1.14264828046772e-30	2.57798305900995e-28	9.25807999070282e-63	3.7322162262727e-49	1.48330682373949e-45	4.01734115526498e-29
"GO:0006367"	0.00972279828281015	0.364337767648521	0.00585198704732139	0.0136946873431875	0.0123041365372165	0.00394808627729197	0.00534984795539642	0.581384655946901	0.0034060329613538
"GO:0006366"	8.09983069049896e-28	1.68007181148122e-21	7.35023963408446e-23	9.09661955510236e-28	0.999999999999999	6.96714813818781e-16	1.70945897430917e-20	4.94518731693267e-26	8.75343220027721e-29
"GO:0006369"	9.06848635473638e-09	6.00789473929165e-07	0.00112346868450741	6.51119315725477e-08	0.998849643702625	3.3475620033802e-09	1.15507740345159e-05	5.92586735756215e-09	1.4652595511827e-05
"GO:0006368"	0.224212568692105	0.11719747733111	0.108993279654376	0.0974658498631887	0.0857343097934204	0.0829844132038888	0.100480335592385	0.10042117756731	0.0825105883022164
"GO:0016363"	2.82162925118941e-11	0.000316321388338947	6.02102691010187e-08	1.49809663547688e-11	0.0962549456939607	6.28783764258315e-08	4.28762332829482e-08	9.44184483203081e-08	0.903428472491176
"GO:0017015"	0.120769673855182	0.0706639527376103	0.180369715463823	0.331505114252386	0.0471055938454339	0.0447461904896377	0.0482340484647813	0.0790645032185199	0.0775412076726264
"GO:0017016"	0.00503649373140296	0.0642189273198336	0.084633277262669	0.0159584829505313	0.0027203238166421	0.00401215715225326	0.00906791985875345	0.0160944034998966	0.798258014408018
"GO:0042542"	0.000103638654946057	3.81811492920024e-05	0.00215548508830014	0.0835207618553768	4.60857896251585e-05	0.0336288898570906	0.879726187523755	0.000743263614220808	3.75064673936409e-05
"GO:0043154"	1.53109869827103e-06	8.53129239008327e-07	0.000245598072342275	8.45337082647909e-05	1.58556464494624e-06	2.65583241995228e-06	0.997642650919435	0.00202003693140093	5.54743555211335e-07
"GO:0043153"	0.225408843665876	0.110878894274801	0.104387546297267	0.11109026761778	0.0833491903498474	0.0829725414468925	0.0830465014692632	0.1162499086883	0.0826163061899731
"GO:0070888"	2.97838789302226e-06	0.000830142828843381	0.379262046609145	4.02809016603975e-05	0.00282916040943119	1.31082646739978e-06	3.55294118696759e-06	0.000212234123718861	0.616818292971654
"GO:0004857"	3.37188015576023e-06	0.325329593805792	0.261941726688996	1.24849282850379e-06	0.00175884101802405	0.000273570550633576	0.000308097478147867	5.35712884542466e-05	0.410329978796968
"GO:0005102"	5.07962584380837e-81	1.7006140633413e-40	6.03148600007157e-49	1.26411474601619e-75	1	1.88024007173241e-81	5.36136519682028e-80	4.5213251444231e-71	2.66483856059213e-30
"GO:0042169"	4.59088419406786e-07	0.538657656545823	0.000322156759352399	2.26268683113391e-06	5.20207415730142e-07	0.00262357806524345	0.000256679167139188	0.000111941741875479	0.4580247457379
"GO:0010107"	1.72095490105581e-08	4.92940389631596e-06	0.0363928325749123	0.963592951141128	6.66554572576659e-09	1.42798931429345e-08	2.59196106926946e-07	1.69431590050345e-07	8.82009737818184e-06
"GO:0008203"	0.000105070377129784	2.80152586176699e-10	0.0408084969831165	0.959086432359601	7.5761239739578e-18	1.16921732963377e-19	1.48139296239653e-16	3.97589832034328e-17	6.15916653774909e-19
"GO:0003887"	2.88325806995002e-07	0.00903602953852087	0.0934912587783858	2.05517588444028e-07	2.14368653912247e-06	4.59281958436002e-05	9.09535832935155e-06	5.31087700759857e-05	0.89736194182891
"GO:0042162"	1.80808231126718e-05	0.00155479780919103	0.00779684146596961	6.69289899536225e-06	0.404398192115935	4.79659681020963e-05	9.760077693684e-05	0.000140755304132321	0.585939072837625
"GO:0001731"	3.27469723336254e-06	0.000244452154002044	0.0333306497550931	0.000287100253297115	0.94316671050148	1.72526308200699e-06	2.20937856534096e-05	2.48223541084488e-05	0.0229191712360503
"GO:0001736"	0.0928062114366637	0.0849995707778813	0.206915366991827	0.367043290753681	0.0349685659542192	0.0364601979253683	0.102641271947645	0.0400876521912175	0.0340778720214961
"GO:0036151"	2.00739993786629e-10	4.05113572284717e-08	2.70196894694641e-10	1.48566363453582e-10	1.75756071860949e-10	1.62603551773446e-08	0.999999940594394	1.75517061055005e-09	8.3463875896522e-11
"GO:0036152"	4.57486940516285e-26	3.08449823784017e-12	3.7309287418796e-19	8.07277553993925e-23	6.51979100669602e-26	2.19112901223948e-23	0.999999999996916	2.15680180005233e-25	2.62727230644978e-26
"GO:0032922"	0.00750062367276382	0.144433439035627	0.403452007792845	0.0244236416272858	0.0631851235572715	0.00465151212332807	0.00968205918830226	0.0377178685654097	0.304953724437167
"GO:0032435"	1.04047373804774e-06	0.00114223502879343	0.459924039814932	3.86001548435901e-07	0.535973944292236	4.74917634207804e-07	5.8688407636108e-06	2.04438804710726e-06	0.0029499662423072
"GO:0032438"	0.00348391733447508	0.0016340750448379	0.0354587561244073	0.771600464407125	0.00144279295041099	0.0132526538188138	0.169713806065538	0.00215048310174945	0.00126305115264284
"GO:0016627"	0.108136917438741	0.0543760555941284	0.0398486586258473	0.04224018822795	0.0401696734044271	0.0398031469014217	0.185652489048611	0.450589903547303	0.0391829672115697
"GO:0043434"	1.13345430129608e-15	1.28099663475128e-09	0.999999998719002	2.12668920124887e-25	1.16749204382162e-24	5.5517808854643e-23	1.04132510374622e-25	2.42019484424573e-20	3.70076943424467e-17
"GO:0072659"	6.48259517380945e-13	0.997740555522623	0.000727477249786873	5.67576437719714e-07	5.71177356863833e-13	1.18392794660611e-09	4.5159634475333e-06	5.82062743235484e-09	0.00152687668192988
"GO:0043433"	0.00309937827572172	0.00207138341886308	0.0240696828631709	0.00698472680046322	0.1395642175091	0.00156854980217647	0.819515631485461	0.00201290720390992	0.00111352264113331
"GO:0016197"	1.84572398847419e-06	1.03793040817121e-06	5.19730252539208e-05	0.00127652380517202	1.35416169595868e-06	0.998454041958206	9.81434484640944e-05	0.000114443173387735	6.36773423243412e-07
"GO:0016192"	6.1812215318634e-05	0.000105076220514089	0.00307276168781826	0.000883448812683513	0.000196235350990489	4.48716260433319e-05	0.995580702700375	3.3129062746469e-05	2.19623235105258e-05
"GO:0008277"	0.0135925272911955	0.00520878185399433	0.0610365210808283	0.319890814983717	0.00542374737408852	0.00592481357036203	0.568331123883935	0.0156496010652801	0.00494206889659845
"GO:0008270"	6.42849611114478e-150	2.8426549578014e-55	2.5648099988755e-40	3.18045047067051e-69	3.03861609624759e-110	8.41142692028889e-96	3.45035658387038e-86	4.7851269273902e-83	1
"GO:0042391"	1.18868418220251e-07	0.482065011932973	0.311864522174353	3.54438581651579e-05	1.04213049617592e-06	2.74922961662558e-07	0.000154421574450878	1.47514612583119e-05	0.205864413076923
"GO:0042393"	0.00073296420654316	0.00300230846036335	0.0108718958874644	0.000436787886835203	0.973772490632007	0.00451477899625033	0.00612810543690375	0.000540633978268592	3.4515364142563e-08
"GO:0071108"	0.0257987749632665	0.00965453755486921	0.0113596098492728	0.0207088817876954	0.0253801759637524	0.0498374736604933	0.818532103086253	0.0293451652568924	0.00938327787750544
"GO:2000811"	0.0559946212634848	0.0312673647987371	0.020623805222308	0.0579312636977636	0.660289466829901	0.0313436178378407	0.0206428802032246	0.0351666170549782	0.0867403630917619
"GO:0003674"	1.95674605213017e-11	3.43454452929435e-11	9.8319374525785e-08	1.02712905709514e-07	1.00367500225742e-11	1.4062500163025e-09	0.999999797282699	2.07702908339598e-10	7.11833026651632e-12
"GO:0003676"	8.356672023859e-23	4.65213218154869e-13	0.991332461193565	4.42281607245311e-13	6.95362990100475e-05	7.21473440562635e-21	0.00859800250651764	5.29765060857058e-22	4.27863162537515e-28
"GO:0003677"	0	1	3.43028099870686e-164	1.8613483617476e-220	0	9.2198014708086e-270	3.71060464309051e-201	2.59399337616561e-232	3.19471858227218e-90
"GO:0003678"	5.48884137734398e-08	2.82561305866881e-06	0.0736571478783594	0.926335964439213	7.95451872600545e-08	4.60743104809125e-07	3.34366790238269e-07	3.44088802551024e-07	2.78843707023408e-06
"GO:0048701"	0.108185745007053	0.049190130922661	0.229561277782551	0.117723853742697	0.0627508774071009	0.158048145855537	0.0786306745987552	0.154661123157436	0.0412481715262092
"GO:0030877"	0.00293008002944274	0.00659604168574421	0.0154517290578354	0.00108355458719827	0.899567097624106	0.0016274734247695	0.00914808240009842	0.00143646025571344	0.062159480935092
"GO:0030879"	5.00877148209095e-12	3.52551810950474e-07	4.07659896648221e-06	2.18597183678225e-12	0.994899586289463	8.15742554326449e-11	2.34120425092872e-11	6.2719819228799e-10	0.00509598382038052
"GO:0048709"	0.000181658258331659	7.52589521487321e-05	0.0135545512614905	0.00112841477413513	0.984353838685694	0.000108210629018875	0.000575831308286535	2.20751372328865e-05	1.60993661622317e-07
"GO:0097150"	0.00600623348342977	0.00444573695136249	0.0083701882008367	0.00265596042242513	0.933585470408214	0.00221287933272116	0.00230957605282337	0.0136294591676968	0.0267844959804903
"GO:0007190"	0.0030617603752664	0.0014688707564448	0.794351827518758	0.166112449092065	0.00133675860814	0.0235550562161495	0.00300683221992002	0.00565686479245872	0.00144958042079819
"GO:0007193"	0.000183989510727639	7.60261347783235e-05	0.000147410915419971	0.000119743800195378	0.998978833893238	0.000103801253091818	6.82810267358048e-05	9.10489112066389e-05	0.00023086455460681
"GO:0010923"	6.97829026254565e-15	2.74775543248279e-11	2.09129668903114e-09	5.56471547443109e-15	0.999987228929167	5.63952104780337e-15	2.96413976325324e-12	1.29705614481956e-13	1.27689489466872e-05
"GO:0046677"	1.83885613049382e-40	8.94549066660528e-24	2.38061343222463e-31	1.48207037620036e-37	1.22266499160543e-43	4.83181002818961e-41	6.11516838889028e-43	1	6.60580630774878e-45
"GO:0046676"	0.0104200204343493	0.00387431189439814	0.00741904345696697	0.00476267913109556	0.0145421158366616	0.0515766357489635	0.876715374937116	0.0194028002925083	0.0112870182679403
"GO:0005737"	0	0	0	0	0	3.27501576691661e-230	0	0	1
"GO:0002102"	0.0115080889190667	0.0338848841116876	0.00537146043258711	0.00423814143696994	0.0124144686383627	0.315398394791809	0.608267283847972	0.00469576217610307	0.00422151564544233
"GO:0005730"	3.95664330413636e-33	2.65438818266983e-09	0.999893316083462	8.07224149730251e-27	3.74981691502396e-07	8.61827527953071e-21	8.67898468824536e-21	8.3085269394784e-19	0.000106306280458083
"GO:0005739"	2.89172796253173e-68	2.2104431147524e-68	1.18540496168368e-68	4.84490095709203e-68	2.74848623658471e-63	3.57858990320379e-49	1	1.60918430488337e-50	1.00429451916418e-68
"GO:0006646"	0.0476937206346499	0.0438856462194444	0.026982449867783	0.0183022307056964	0.222742002738783	0.0891556523302801	0.516035770977262	0.0177231148973844	0.0174794116287161
"GO:0006644"	0.00397723215236064	0.0106069686060585	0.00276102090816592	0.001733601885061	0.00272629016398316	0.0374589886849491	0.899834438294871	0.0302243378733272	0.0106771214312235
"GO:0006641"	3.20823766953872e-11	2.21730252520137e-10	0.999999999746187	2.21002530678529e-16	3.03819984720669e-21	6.379538809253e-22	1.07375793668394e-21	1.11624664247257e-18	6.4502644283989e-19
"GO:0030658"	7.22330962372476e-12	3.21117777674968e-08	3.99578956668583e-11	4.09926591852842e-10	2.77638763069557e-12	4.60958039380243e-09	0.999999962689007	1.19353540728408e-10	1.03972608254933e-11
"GO:0030659"	8.97540552061358e-48	5.82440706683916e-21	0.999969841448954	3.01585510452921e-05	1.01021179535766e-41	5.95083761312103e-48	3.00355864312216e-36	1.54257121698001e-36	7.73499969334545e-16
"GO:0030126"	0.00032409119517381	0.0213687725665948	0.00187955008167458	0.00302161715709218	0.000166480611978357	0.000751145536296932	0.972042686880682	0.000290442703746769	0.000155213266760268
"GO:1901800"	0.026761178564707	0.058067015634833	0.630856191251642	0.10089900165972	0.0101332647054092	0.0148364728321885	0.0353192601314869	0.0307669301048652	0.092360685115148
"GO:0006919"	9.46011219620225e-11	1.0463760350606e-10	1.50839647423234e-10	7.30436433706048e-10	0.99763138186328	6.74130622104226e-11	0.00236857758614954	3.44923755284408e-10	3.90577187955376e-08
"GO:0008757"	0.000445267775786461	0.00211028339097947	0.000163826975400146	0.000165200441089682	0.000179847907921843	0.230781271411944	0.00979463550967359	0.756197887723703	0.000161778863502318
"GO:0006914"	2.43146442259783e-05	9.28191074553568e-06	1.84579773366042e-05	8.40165543734539e-05	0.000224587509091984	2.07281286687212e-05	0.997122306579033	0.00248739276665624	8.91392986799839e-06
"GO:0006915"	2.51278856375874e-17	1.7540678043277e-16	2.30060512164793e-14	9.34045947558541e-18	0.0261416734399188	2.32311036715218e-15	0.973858326560055	4.55431598392924e-16	1.18599071138883e-56
"GO:0006913"	0.0585648972900365	0.0217904641292673	0.0372632633545587	0.0237273346547645	0.687073169169559	0.0627914550050467	0.0486351771950189	0.0387947114733962	0.0213595277283521
"GO:0000775"	2.14073806161417e-05	0.000330361884112286	0.538386350935553	0.0199184421163274	0.414728979333828	5.63237185191337e-05	3.42699286619851e-05	9.12517944394206e-05	0.0264326129079424
"GO:0000776"	9.59193849510948e-06	0.000710505247783653	0.366353216409753	0.000434699630075408	0.024492138604445	7.09180299765724e-06	0.60732414985837	5.76458129109717e-06	0.000662841926788347
"GO:0000777"	3.53575159832123e-14	1.59916653700157e-06	0.000268048911431643	2.63148233086615e-10	6.94740287069769e-08	1.2880771578724e-13	1.41307596702221e-09	1.59014626447365e-10	0.9997302806126
"GO:0031528"	0.000472942082875728	0.00191866858837048	0.0958425775451763	0.88678445220083	0.00021830180327138	0.000183989993335509	0.0131453382076516	0.000285766289803727	0.00114796328868549
"GO:0031527"	0.0179307638384088	0.00663101506864675	0.00735526712750416	0.00879430697291783	0.00670607143253485	0.0111160893155911	0.901876936673384	0.0329224219554316	0.0066671276155809
"GO:0051216"	4.2406288418907e-08	0.176877133533557	0.579911135104893	0.242916334243698	2.15823096028548e-08	0.000295108836582115	2.00285275601281e-08	5.01427392136001e-08	1.5412140552076e-07
"GO:0051213"	0.000558406900297868	0.00187213280179936	0.000424104887812236	0.00870431848787446	0.00166156806255597	0.74479504442607	0.000394629522115757	0.00246745587106482	0.239122339040409
"GO:0007200"	0.00647724796955589	0.685928952165606	0.0051907689323789	0.00387564596273089	0.00275453695595423	0.255968843806303	0.0257655763311286	0.00369381282779798	0.0103446150485441
"GO:0007202"	1.96734312571174e-05	0.999550853986032	9.35941205096662e-06	7.31036445275995e-06	2.78170672678913e-05	3.49757311977931e-05	1.09788840924573e-05	1.9962005521841e-05	0.000319069118127412
"GO:0051219"	2.38877213326584e-12	1.7461842852418e-06	2.53847262835227e-11	8.45952216917165e-12	3.53818746139454e-10	0.998722591804425	5.64705624432535e-09	1.70038991716716e-09	0.00127565427379137
"GO:0007204"	1.37875967458327e-69	1.07055356346557e-30	1	1.95197587085686e-28	1.19391270376779e-68	8.57527278907567e-70	2.76769590197287e-59	7.31580599302832e-60	1.42761065254321e-53
"GO:0046847"	1.83218846247915e-11	5.44769258791173e-08	0.00773357121695901	0.992266357508202	7.15348244042636e-12	7.63883920295106e-11	3.54261316148288e-10	2.54459953443197e-10	1.60873278510819e-08
"GO:0007346"	0.035708445523267	0.0197676832308664	0.0325205624950275	0.13744314701456	0.0253589929613879	0.29777024512307	0.0132213870902507	0.0208147173148806	0.417394819246689
"GO:0071356"	3.94755179334831e-05	0.000360642158958417	3.19989158736673e-05	0.000862624436601626	0.000112168630515914	2.61141102932339e-05	7.49849299857386e-05	0.000294961476878705	0.998197029822959
"GO:0071353"	3.88327247525115e-05	0.00876410035220091	0.000464297018500145	1.62485698767695e-05	0.00467962221783072	0.0637950694687226	0.00022429648251485	0.00114219583952811	0.920875337326073
"GO:0001965"	0.0361214817244965	0.0136747920558361	0.139865916452902	0.200055649338622	0.0161626065728793	0.536402981056475	0.0236985794865312	0.0149642992127536	0.0190536940995045
"GO:0001968"	4.74002986464027e-07	0.990234264324235	5.02594646690965e-07	1.2453104080156e-06	5.28654802108687e-07	0.00032300826186753	3.60428978371272e-06	6.66240061019898e-05	0.00936974855516833
"GO:0035145"	0.0027865075167431	0.00406377934163655	0.00325274870772927	0.00106515348547382	0.318951674309149	0.00348961458077617	0.00143082564496563	0.0042504641163598	0.660709232297166
"GO:0045071"	8.90260715175363e-08	0.046334545067445	0.000975771485820102	5.08601728900028e-08	0.678057354162239	9.87763030810899e-08	4.43250758116014e-08	1.6197700117027e-05	0.274615848596756
"GO:0050919"	1.14642912394346e-05	8.80955587835856e-05	4.20715321576188e-05	2.6097131431253e-05	7.5946463861563e-06	4.31594330784613e-06	0.00926839512745087	0.990547848887392	4.11688185095752e-06
"GO:0006349"	0.00102552021379358	0.386485970469615	0.0235943542141875	0.00108956413679666	0.089521894061112	0.00295674027562511	0.11009927463984	0.00268698791276587	0.382539694076264
"GO:0006342"	0.00102119682017475	0.000397118126209924	0.00103101924953618	0.000381782505092765	0.994061029109979	0.000382354788113134	0.00184916994794506	0.000504340091115711	0.000371989361833904
"GO:0086010"	0.0159404341406411	0.0185738114384584	0.0264312651933583	0.0062846201394819	0.778703102581339	0.0108287780252902	0.115644532123319	0.0061466682589027	0.0214467880992095
"GO:0043171"	0.00732373630349261	0.0466126818393313	0.0820071609966408	0.279951242567345	0.00296190446112713	0.00270062693383599	0.00321418795268518	0.572564164549701	0.00266429439584027
"GO:0006120"	0.0165297165829983	0.0523234059040654	0.526185275278534	0.0100504515843306	0.256679489399519	0.00807094033764458	0.107513984000953	0.00850725960950982	0.0141394773024457
"GO:0007585"	0.0142662109888965	0.310061378171103	0.0147684509800437	0.00637269162255298	0.0652633743811598	0.247667360043907	0.322010502143196	0.0160781062709375	0.00351192539820457
"GO:0000186"	5.87147335678174e-13	7.45912657758594e-09	1.585423048032e-05	2.27874030403302e-10	0.0024063658899742	2.38128160392046e-13	8.05343729538718e-13	3.22473293158229e-09	0.997577768966181
"GO:0000185"	0.00950646610506816	0.0052481865280138	0.284310159123162	0.288762578348506	0.096279109632945	0.285151385775716	0.00863159928150926	0.00367164217661739	0.0184388730284623
"GO:0000184"	4.49842872938137e-19	0.999999937179109	6.19452158846221e-08	3.2278584014204e-11	8.43396679447786e-10	3.85515107241613e-22	2.75390710411723e-18	4.73845950841656e-17	6.60446775365854e-17
"GO:0000188"	0.000131901057324853	0.501475235493836	0.017890685844747	0.0237579899168441	0.000524130134148503	5.0624904001007e-05	0.00152467096213071	0.00188940768015427	0.452755354006814
"GO:0004872"	1.25986313314371e-74	2.30850662448929e-45	2.94227214668089e-56	2.32946071974978e-59	9.71017179877845e-71	1.82222482224022e-72	1.44232884891347e-64	1	4.08650982430541e-75
"GO:0004871"	9.32541222442977e-12	1.18737530639962e-10	6.2367412937105e-10	4.01863267203567e-12	0.473665896493428	2.23977842133333e-09	0.526334100488295	5.66437088206099e-12	1.70792877787867e-11
"GO:0030169"	0.150712153164946	0.0634948429404869	0.0732991822664265	0.26018265668359	0.14854269052878	0.0894499927785846	0.102475761361597	0.0565656959564148	0.0552770243191735
"GO:0050661"	1.50358811970079e-08	0.000477649369362658	1.4971087506657e-07	1.02250397772405e-07	1.20961082255793e-08	1.99386738580024e-07	7.20542378689304e-09	0.999521859528393	5.41681926096002e-09
"GO:0050660"	1.07834588822391e-14	3.13032326111396e-10	3.11240708492307e-08	6.85565007080547e-15	0.999134480730098	8.58172372987536e-13	3.22799743641592e-12	9.86917214129218e-12	0.000865487818825824
"GO:0048538"	4.73045470087384e-20	3.22814326449666e-12	4.89007864262056e-19	1.62854665350444e-12	1.53207169080294e-16	0.999999999128274	1.2393907122188e-15	1.44732014022642e-16	8.66867581075048e-10
"GO:0048536"	2.5280547757395e-05	0.000791153358998221	0.00338599408397083	0.000120105743511383	0.994679940549223	9.71558190365214e-06	0.000350129972718987	5.85602236503436e-05	0.000579119938266044
"GO:0048535"	0.000385592826420797	0.0125501381392877	0.584836030447632	0.00448517480176463	0.000258355174073699	0.000164650463474298	0.000194887919026756	0.0128286084230289	0.384296561805292
"GO:0005694"	5.04662524207082e-07	2.24648184385826e-05	3.00171228397043e-05	1.85677512115182e-07	0.999258370622927	1.00663104816435e-05	1.23519082965711e-05	9.52618535742837e-07	0.000665086258444837
"GO:0006977"	4.31634554168791e-14	1.25540115828505e-13	1.06944503098935e-05	0.999986640780549	1.33297584285272e-13	2.66401656556829e-06	7.52242713545103e-10	1.58995669785878e-14	1.45046058831535e-14
"GO:0048286"	0.0885432498400172	0.127383636983349	0.135703310592348	0.113903903232976	0.292446825895314	0.0510410109337057	0.0441135985800573	0.13330896584051	0.0135554981017227
"GO:0004252"	1.40971801286797e-11	4.17777948723979e-10	3.82528668247046e-11	7.21977555592949e-12	4.24274449250663e-10	5.62623733571616e-12	0.000445943634295324	0.999554055453461	4.99523022476887e-12
"GO:0051044"	0.334180510161705	0.105085276664982	0.328241065246957	2.79850232615887e-06	8.29131494110186e-06	0.0607456278868234	5.1467869181484e-06	0.000350037513589871	0.171381245921757
"GO:0009168"	0.00023670533259583	0.00186534265434054	0.00135352114364263	8.71044023775585e-05	0.882292742525257	0.000577137654786915	0.00194291513253934	0.000266912514379794	0.11137761864008
"GO:0005783"	3.93777857254521e-190	4.62639436195543e-21	1	1.36856507697991e-56	5.76006464530259e-190	2.14890512252505e-180	1.80181866894112e-133	7.06139477718016e-138	3.11413219964609e-135
"GO:0071456"	3.3939465313012e-08	2.96351805099441e-08	1.14469371013142e-05	0.000715487315625804	1.77610597976683e-08	0.999241838286872	5.0853840101364e-07	1.25236729776909e-08	3.06250626212055e-05
"GO:0001755"	0.00121190004545823	0.000732304720363987	0.000717792956323863	0.000899847087367988	0.000585813675215187	0.000613204341960314	0.663613077574573	0.331189512897587	0.00043654670114991
"GO:0001756"	0.0768645769293584	0.0891286850122679	0.0792351174472564	0.044118222106064	0.0856274604825084	0.091266962714083	0.493930634592412	0.0303850288904313	0.00944331182561878
"GO:0001750"	0.00822547054782293	0.0500047812975292	0.00404961271355126	0.00338874488140574	0.856823808557278	0.048091332187178	0.0165038713177176	0.00899380929567017	0.00391856920184705
"GO:0016605"	4.25434877764897e-17	1.54525779303265e-07	1.3402349778322e-06	6.27452011824228e-17	9.01402451864621e-15	6.61155619740676e-11	3.71175586732882e-14	2.98656624370943e-10	0.999998504874425
"GO:0016601"	0.0758285941936607	0.0333178256154665	0.0348504703387361	0.0279088732269737	0.257440308818584	0.0773108580140897	0.221193722910256	0.244591918300986	0.0275574285812476
"GO:0042826"	4.17355409682418e-31	7.06177135139788e-20	1.07667553949834e-17	7.1962516644743e-31	0.99999183446025	1.40255793618693e-29	1.97303616224538e-22	3.1485014694327e-27	8.16553975043856e-06
"GO:0043410"	1.49364578076732e-31	6.42361018572972e-26	1.9360129217112e-16	5.14510641925756e-29	0.999999999870628	5.98665005743126e-32	1.8221621075948e-30	3.15026113479283e-26	1.29371762260006e-10
"GO:0031267"	1.52266166118208e-06	0.999413633819352	0.000141151148333036	0.000169489067403429	5.95001652041376e-06	7.43153210340224e-07	0.000106632798382837	2.42815571800095e-05	0.000136595777957055
"GO:0000407"	0.000102271153791101	0.00111547435203813	0.000111352841006244	0.00110261344228174	9.15808645842565e-05	0.972178530619367	0.00112411897012056	0.000155278691618548	0.0240187790651927
"GO:0006783"	0.0074316786398581	0.00563988007886606	0.0033614741535142	0.00543143727761502	0.897299256331471	0.0234012205147062	0.0519813847942179	0.00273874542817404	0.00271492278157791
"GO:0072583"	0.0106880040563669	0.0207008948255839	0.00459871296683199	0.00396143067339339	0.00399173286100699	0.380972273129971	0.476075201464217	0.00405515379134681	0.0949565962312822
"GO:0030819"	0.150844904796029	0.0615019813050856	0.0555464617984514	0.0711119769296651	0.17583353137867	0.0736129286863548	0.180254171669977	0.175845483198407	0.0554485602373595
"GO:0005198"	1.53737544645702e-18	2.23931469445732e-29	1.64178222291825e-28	0.999999999999994	5.67070433644029e-15	6.37782342023635e-27	2.33821733294098e-24	1.48662571253459e-22	2.75920898387173e-19
"GO:0050873"	3.94425562438572e-18	4.71769452303265e-14	1.32738733112157e-08	3.03496963468682e-18	0.999999926880714	3.49300456056927e-18	1.44231275745546e-18	2.0084767724401e-14	5.98453452009459e-08
"GO:0030100"	0.0280260137151841	0.0610728970653101	0.201396312233646	0.0560918037276473	0.010606393502506	0.0476551393955095	0.487958405028162	0.0124202859003978	0.0947727494316371
"GO:0004407"	0.000266120935844227	0.0098952950751467	0.000215485304294549	0.000188970548071947	0.25905364930658	0.650247533614937	0.0156617909462949	0.000428032309500886	0.0640431219593304
"GO:0004402"	3.8583134773141e-10	1.43131725230118e-07	0.00226435941635827	7.9225025661486e-08	0.685697505602875	1.42430590320314e-10	5.96117209756257e-07	1.96893293067405e-09	0.312037314009611
"GO:0006661"	0.00108038294469153	0.000863461960131924	0.000603680129273515	0.000530998392235971	0.000412070831467573	0.000458551672884778	0.416431667320587	0.579235165189844	0.000384021558884544
"GO:0005319"	0.99980967640432	4.57037816333011e-06	3.13199281071275e-05	8.25074388195467e-06	2.37893291980221e-05	4.18291829871536e-05	5.64707601440349e-06	6.88952498428273e-05	6.02170748508541e-06
"GO:0006935"	2.0439266236802e-15	2.39324655775642e-05	3.17992373430315e-05	0.00202114632885359	1.16715641190201e-14	1.88414535256059e-15	7.81380134480821e-16	0.997923121968209	5.49464283865656e-16
"GO:0006936"	3.89727900666832e-10	1.83000943948347e-09	7.87853003099573e-08	1.22994950369997e-06	1.44827362282415e-10	0.999979155652947	2.39679385056651e-10	5.29575997078034e-07	1.90034320073277e-05
"GO:0006939"	4.23150961112265e-23	6.86212158665881e-05	0.999931378783509	6.24468954080687e-13	7.69881723355076e-24	3.24394376853979e-24	6.70081954732887e-22	6.41165716923151e-22	4.10769840465099e-23
"GO:0000792"	0.000321107670874776	0.000316150994359552	0.000799236368969848	0.000118608412898853	0.99385696061928	0.000261655536308091	0.00110734395533352	0.000133886836271895	0.00308504960570395
"GO:0000793"	0.000611747310011639	0.0340488522709434	0.00538291465781542	0.000366233304850234	0.853375644006147	0.00118280757876974	0.095478469593071	0.000650972278064453	0.0089023590003269
"GO:0000790"	8.20791425750661e-43	2.82158568712321e-28	1.91020880807819e-27	1.87853520173139e-42	0.99999999976821	6.35964629157855e-39	3.26770699965912e-31	5.01940335069855e-36	2.31789925504614e-10
"GO:0000794"	8.53322731894739e-05	0.000329578932223483	0.00541307178081692	9.55145634727318e-05	0.981589443550103	3.28999586160912e-05	0.000289193439678176	8.64838111389607e-05	0.0120784816907616
"GO:0050731"	8.31238345570671e-09	8.94853558693612e-09	0.000272264905818908	0.999674848316296	3.54314066917288e-09	6.42743618023536e-07	5.22164687413251e-05	3.80028395977684e-09	2.9611820528008e-09
"GO:0034644"	0.0134963723984029	0.395137799763546	0.0291351328019811	0.0102206717094507	0.0120585367554367	0.184782119664826	0.279299433501481	0.0227241140533093	0.0531458193515664
"GO:0044344"	0.00348940540341034	0.012634981198343	0.00438693762057042	0.00154776208342825	0.00486773907289989	0.245980367455423	0.21224949178339	0.00151763686484388	0.513325678517691
"GO:0048278"	0.0122302139143616	0.044086244431462	0.0280857904428912	0.00510870167456332	0.0403795670224586	0.0487539764741963	0.792424369394098	0.0047693805889008	0.0241617560570678
"GO:0051233"	7.03548539611764e-11	6.73394687730991e-06	0.648481681675322	3.57546317927694e-09	0.3296183759439	3.01509888644917e-11	9.77360548823727e-09	8.3523576769617e-10	0.0218931941490903
"GO:0007223"	0.0561771303794422	0.0207826672289519	0.121328464989725	0.193870464640176	0.0304200148918712	0.0406924440309829	0.415832375634518	0.100614153153689	0.0202822850506431
"GO:0007220"	0.138111865269798	0.0519765900482212	0.1098447771809	0.106762557630212	0.057207872907493	0.168419405340892	0.157369438101183	0.1006262350909	0.109681258430401
"GO:0010719"	4.84349288527883e-05	0.00112308176753414	0.127334139277466	0.862701084616834	3.54007218679499e-05	2.08194963784594e-05	0.00867308364996298	4.62686594138626e-05	1.7686881689687e-05
"GO:0010718"	1.70722180247793e-08	3.11961827277609e-05	6.30819765555559e-09	6.27144857758684e-08	1.65942102443376e-07	0.993999576679577	5.6960589317964e-07	8.82832650051467e-07	0.00596752266214865
"GO:0007229"	3.03336112700039e-23	1.13158371083675e-16	3.17385985733331e-23	5.30875439247397e-22	2.9605959759e-23	0.999999998480123	8.83924479945296e-17	9.91972288623325e-21	1.51987702059305e-09
"GO:0032088"	4.00657822677798e-06	0.000407514237620096	0.00028532266547336	0.0404963355650046	1.97619765072131e-06	1.62375559643899e-06	3.54145571247475e-06	0.958798283624242	1.39592047343144e-06
"GO:0046827"	0.00164829839837775	0.00341247856488244	0.000607762240434001	0.000805673387520092	0.000606415919092284	0.775367552037502	0.0117376742680497	0.00090224657981733	0.204911898604325
"GO:0019897"	0.0333172643529151	0.0155475387570051	0.0416502233087052	0.0156714557865174	0.180756979189965	0.0123337111612286	0.672799227685073	0.0185099795433847	0.00941362021520615
"GO:0019894"	0.0167119348341815	0.0061510778761727	0.0183002029310611	0.00779447367915535	0.919441005525591	0.0131258300800491	0.00624354814332612	0.00622906475186041	0.00600286217860307
"GO:0019899"	1.34946123285514e-18	0.995013866593826	2.04376573649177e-05	7.39081957225592e-23	1.66565041485991e-27	0.00348808132169817	1.44114385866928e-28	1.46580938781199e-25	0.00147761442711074
"GO:0032880"	2.35062278644012e-06	0.000334783504233063	0.00030395304540808	1.28110882148016e-06	0.643142806327859	3.38505750788932e-05	8.53857682676058e-05	2.57524630686534e-05	0.356069836584476
