"V1"	"V2"	"V3"	"V4"	"V5"	"V6"	"V7"	"V8"	"V9"
"GO:0034199"	1.77332958562295e-07	0.00231607218074555	0.0283101037575445	4.87328976336741e-07	0.0407730809664206	3.87716514367182e-07	3.01859478629914e-05	3.17034354736842e-06	0.92856633442543
"GO:0034198"	3.21857818552361e-09	0.172059941655572	5.08976276026188e-05	4.58886013665556e-09	7.60991097857441e-07	8.57252265101068e-06	8.06152267140723e-07	1.43224324494887e-06	0.827877581000126
"GO:0030855"	1.39055590593284e-13	4.8485589781143e-08	5.27116556642967e-14	9.01901863444578e-13	5.75577954760013e-13	0.988636891344953	5.18126872184211e-11	1.62268319118931e-10	0.0113630599537066
"GO:0031100"	1.68100479392371e-11	1.97008864460301e-06	5.16221337541407e-11	7.41001549212082e-12	5.4633856530112e-07	0.00106689099217772	1.76018690445018e-08	2.85446515964025e-08	0.99893054635825
"GO:0050830"	2.26806802953953e-15	0.999984404802235	7.85686320006698e-10	1.55691446819449e-05	1.03381069546647e-15	1.29654473797826e-15	6.35242860320399e-14	5.4952231562033e-12	2.52618332756328e-08
"GO:0050839"	2.73184046698778e-09	0.000126524679137049	0.00189539142627999	2.83075990615992e-09	1.2660135230515e-07	2.72151946718793e-06	2.33628581520129e-06	5.57708367855516e-07	0.99797233621698
"GO:0051781"	0.000419758389783444	0.000212475888053716	0.000503187690981006	0.000155001631193128	0.990330899688708	0.000154447814955328	0.00798474453720758	0.00021536446809688	2.41198910214451e-05
"GO:0010906"	0.0004337784715832	0.00629985673275442	0.00831423411046722	0.00028773585347688	0.0858919222318588	0.00182831901561896	0.0341144628045381	0.000464115751092723	0.86236557502861
"GO:0046658"	3.44831228498226e-05	0.0130894953335987	0.00266071359717364	8.12164744301674e-05	0.0694287160866014	2.25946199790539e-05	5.54688850208109e-05	0.00137131149165715	0.913256000388689
"GO:0046655"	2.51244524378873e-06	0.000702427814153028	0.00705093139327024	1.27237621875687e-05	0.0105501554232752	2.02006143819665e-06	7.11876321541647e-06	9.57904392204241e-05	0.981576319897996
"GO:0005719"	3.28329897942913e-09	0.854082197219915	4.26988405842961e-07	1.58015828161791e-09	3.15753184089206e-05	1.33144255093244e-05	5.89218601343293e-07	6.4734481168649e-07	0.14587124462089
"GO:0051879"	2.35620806192748e-07	5.70532164878865e-06	4.38992550180362e-05	6.8195998269117e-07	0.00433341616632664	9.27768495983463e-08	8.75264516786233e-08	6.21450700267233e-05	0.99555373630289
"GO:0007626"	0.0141462851141073	0.00582644243980832	0.0842529118918436	0.0888658410745865	0.00644007324442994	0.27698834737195	0.427120325782512	0.0370089825206603	0.0593507905601029
"GO:0007623"	1.60608684803065e-25	3.02026367856613e-06	3.2270327537306e-20	6.6358320286205e-26	2.64713270932574e-11	4.91143141014051e-15	2.56069188591148e-18	2.81508288035391e-18	0.999996979709845
"GO:0006629"	5.8983464540412e-27	0.72755186160695	1.03126293868518e-13	3.10452365286843e-14	6.46744395832834e-27	3.82488180857283e-20	3.36571667264688e-16	8.77451085719149e-15	0.272448138392907
"GO:0006626"	0.000253590858238231	0.00353327931065941	0.0642771888415123	0.000590052065456958	0.845539127483081	0.000123928867644734	0.0352938153005573	0.000169295712458162	0.0502197215603923
"GO:0007628"	4.2231464301357e-06	0.0380435556815716	2.86630278395032e-05	3.44098914940406e-06	4.76836542440455e-05	0.00292657627928472	0.000213032389377098	0.000358742505282367	0.958374082326821
"GO:0036459"	1.61104760904695e-17	2.50979159618306e-07	5.86368336719007e-06	3.76692213729402e-15	1.24382771527477e-06	1.60842882617044e-16	5.93338387799072e-12	6.87512339204764e-14	0.999992641503752
"GO:0030674"	1.32123915228279e-08	4.56182611529699e-08	1.38517176717748e-09	2.58508897447289e-09	2.82340906411768e-09	1.25636382069478e-05	0.999987367048506	2.34858154072647e-09	1.34038253501884e-09
"GO:0030672"	8.72371551198411e-12	5.70015042787344e-06	0.0120409602002407	5.3339830907838e-07	0.0646266175634387	3.56985970113684e-12	6.52254445606586e-09	6.26061033584249e-09	0.923326175892135
"GO:0030670"	7.30265577621471e-13	0.997231633686383	1.24428323052613e-11	5.91037845409841e-11	2.81271432779085e-13	3.15943668396774e-09	1.90650455070957e-12	2.0176699447021e-06	0.00276634540977081
"GO:0048384"	0.000608391758515154	0.00562058995346434	0.000301820200680632	0.000482398517823077	0.0574972814493854	0.0772366257890113	0.00187875844914609	0.00211170204155417	0.85426243184042
"GO:0000289"	1.49468679025074e-09	3.75346277335817e-06	0.000391449941292256	1.8088575678086e-08	0.0816230122665751	5.74656718840132e-10	1.32932596166837e-08	1.09879840674326e-07	0.91798164099834
"GO:0000287"	2.72878418165599e-24	9.62279874408598e-12	3.94399957570105e-09	1.45711181943937e-18	0.778433503428541	7.19496652285781e-23	1.4258426407511e-10	2.96106364513341e-20	0.221566492475252
"GO:0045070"	1.12569056979268e-07	0.0148487779810917	0.0271455996464477	3.35322522614506e-06	0.00741959002086642	6.65287323281279e-08	2.53281319196407e-05	3.54395677846326e-06	0.950553627939881
"GO:0000281"	0.00146309944332451	0.0873754875731809	0.00426857378722	0.00347233045018073	0.000920212422148589	0.0421947523522462	0.0581451361254834	0.00684671171262459	0.795313696133591
"GO:0055007"	0.000136491958199041	0.00150632072456302	0.369463054676093	0.00420059816025076	0.00305399654281916	5.03197603244833e-05	0.000114988933490198	0.00135021676462204	0.620124012479638
"GO:0006974"	1.58785205143402e-38	1.88872374837916e-24	3.92392437931074e-20	5.48482481425835e-36	0.173578473309938	2.48173328641592e-35	1.20803132572599e-23	1.32919638070534e-33	0.826421526690062
"GO:0048037"	2.57117570449684e-13	1.08871297400403e-07	0.933341180202292	0.0666587108100562	2.47871037541442e-13	2.67194156392108e-12	1.94206556336657e-11	2.41918490206725e-12	9.13378572851752e-11
"GO:0043928"	0.000215308079252346	0.00406233389630791	0.0380607420249867	0.000557550262406765	0.203212879996947	0.000116056426673911	0.00049098785405361	0.00115322141085126	0.752130920048521
"GO:0006979"	7.1023581732896e-11	2.81659038427121e-08	1.16152799532427e-06	8.43393434303231e-09	2.8800846723329e-07	3.22119656702916e-11	0.999998513732812	2.76503085951367e-11	1.32581594122049e-15
"GO:0004197"	1.86567686205365e-33	1.87792506654579e-15	6.54660820118836e-15	2.83228331714913e-31	0.99995817630137	1.12725918806872e-32	2.56223593674498e-26	5.09386620319489e-27	4.18236986219459e-05
"GO:0004190"	1.68489753979519e-15	1.446725922816e-09	0.999999435959216	1.13216160917689e-09	1.47434026605894e-08	4.74164104727653e-14	8.28554813664424e-14	8.10870291557608e-14	5.46718280592845e-07
"GO:0018107"	4.01978253565188e-13	2.20404362899566e-06	0.00131811497483061	1.5187954539377e-13	0.000317390703214494	7.42962988176468e-11	3.15826449051169e-10	4.02627862116967e-10	0.998362289485021
"GO:0018105"	1.95463890650925e-29	1.44922722396007e-08	0.999745720696899	6.19583148778719e-21	4.29624768563448e-19	2.91335242929008e-29	4.65625887283806e-24	3.25472952166388e-19	0.000254264810829183
"GO:0018108"	2.15552375159311e-36	1.85662956695577e-33	8.06572534119349e-35	6.13083222689776e-34	1.07772163227522e-36	4.31142963414406e-35	1	1.95988732387408e-25	8.5505270800439e-33
"GO:2000060"	8.59782791689824e-22	1.0952181222762e-09	2.22772092788189e-15	2.25155445749211e-17	1.36848478537415e-21	2.00793091373139e-19	0.99999999890478	7.2070675759757e-20	2.0527571055269e-21
"GO:0045445"	2.60665336787849e-08	0.96888815131773	1.06259081581082e-08	7.0341566351449e-08	3.63429554254355e-07	0.0311030696424089	8.70039593578299e-08	5.59978056409575e-06	2.62179177534585e-06
"GO:0045444"	1.65615089694196e-19	2.61085775180353e-10	7.56446626051298e-10	1.53843144442607e-18	0.00834542270509466	3.54199910704411e-18	3.31346251256788e-14	1.77920591968322e-15	0.991654576277338
"GO:0070064"	6.25716289390201e-16	4.80932878218495e-07	6.58782465247483e-16	1.28727673230333e-15	3.974327076154e-15	0.999999458496924	3.17495267161266e-13	2.36843250557234e-13	6.05696370472173e-08
"GO:0070062"	1.75257642110754e-254	6.25405913873155e-79	1	4.34809511915127e-85	2.56355319858886e-81	8.46678758076636e-255	1.12417418837065e-34	4.54172974970809e-218	5.51103187035609e-121
"GO:0051276"	0.00059124816271165	0.01277426308105	0.0272347993788297	0.00239551698489034	0.00861800584762817	0.00122547568596851	0.00191621166607707	0.0030738216291747	0.94217065756367
"GO:0051279"	0.00280740423485494	0.890141777118442	0.0063904313452167	0.00471702907923237	0.00545968271557121	0.00149956484898736	0.0101596194740276	0.00548050296912221	0.0733439882145458
"GO:0007368"	7.6439402386983e-20	2.29583225180487e-08	0.0642631916823363	2.68264247870003e-09	2.33713424162466e-10	3.01675001788855e-20	1.91877631770937e-14	2.84428411626044e-15	0.935736782442963
"GO:0071333"	1.54964799675667e-14	0.992470386882163	4.08130236537814e-14	7.01863012648114e-15	1.63487820852443e-08	4.40467984771573e-05	3.93805821769392e-11	5.04775232715585e-09	0.00748554488338186
"GO:1901796"	6.04437241025226e-33	1.10588854697616e-10	1.06359302188544e-16	1.24946078242601e-32	1.02875521954875e-30	2.14498927714113e-17	3.47851007591251e-26	8.14343719799836e-20	0.999999999889411
"GO:0071339"	2.8419045421046e-06	0.000371920524025898	0.145602019528818	0.00378123436300224	0.0271635825690325	1.98993399031818e-06	5.64774762411002e-06	0.000132740592622485	0.822938022836342
"GO:0030449"	0.0639940780049351	0.0293099768389688	0.0641782791179263	0.0418586054143891	0.277077883636175	0.0318406215346691	0.439077533827532	0.0293118622304307	0.0233511593949733
"GO:0035162"	0.00381118939476205	0.0384340150680401	0.0260317701450452	0.00331530472702704	0.167013712498162	0.00281128947181478	0.00596593590345194	0.0110097368740716	0.741607045917625
"GO:0061418"	2.23417109931285e-08	0.0808597213119567	2.23945101478469e-06	8.41379022537332e-09	8.22066538051842e-09	0.690346831248567	5.35640379575661e-06	5.63292834626093e-06	0.228780179680153
"GO:0042098"	4.92355688241824e-11	0.0124381027035027	0.681221091919293	1.06235765823939e-07	0.00321503952583611	2.46608900479796e-11	2.51115572550444e-09	5.02497897386938e-09	0.303125652005571
"GO:0006361"	8.38928392187444e-19	9.75359477857111e-05	0.183349299737884	1.52544424354269e-11	5.62056861142393e-06	3.29787675971138e-19	2.28121486223008e-14	1.22802810049781e-14	0.81654754373043
"GO:0006363"	1.84074041069814e-19	0.0127462222346081	0.743947865250283	2.69471490081475e-11	4.72107613334309e-07	8.32923158714037e-20	3.8334899498916e-15	4.01935059821201e-15	0.24330544038054
"GO:0006362"	2.26665751160138e-21	2.00032332857437e-05	0.327925619509798	0.672054368795107	6.3993993506574e-18	1.30577466582831e-18	1.07618945905544e-17	4.9650688249218e-17	8.46180893759694e-09
"GO:0006364"	1.09660236058853e-38	3.83204202081154e-20	3.2225369873217e-15	2.30153168058597e-22	8.26783355871261e-15	6.32758449266465e-39	2.13265693928717e-35	1.99158851752995e-24	0.999999999999988
"GO:0006367"	4.47355730935668e-56	2.56152696259215e-13	2.17362758169779e-05	3.11194734524081e-25	6.14404265758472e-23	3.46150893057331e-56	1.40975994997095e-41	6.82307713043588e-39	0.999978263723927
"GO:0006366"	5.3122459292063e-106	4.99103950850243e-25	3.14140576218843e-38	1.31289382369637e-77	8.54721261235978e-34	1.4586628662051e-101	1.14489553505927e-70	1.12316360038003e-70	1
"GO:0006369"	2.60876685088773e-08	8.73131402466078e-07	0.00088791026676511	9.40388848623175e-07	0.000141867404294531	9.5975931658936e-09	9.86720925475556e-09	2.52377079887954e-05	0.99894312554823
"GO:0006368"	5.11940461499509e-32	0.00383182736549233	1.21486076166928e-14	2.37170562971519e-25	2.35481123144737e-07	4.90365185340316e-31	2.94328200232981e-23	7.48446988833049e-22	0.996167937153372
"GO:0016363"	1.45480229056073e-31	7.73971035127446e-12	0.016469828518363	4.20252289589375e-25	3.89728411379881e-16	3.73695803301492e-30	9.76307818178184e-24	1.06234260627133e-22	0.983530171473897
"GO:0017015"	0.0159404900823044	0.0084163769258948	0.0938865467246347	0.0331888923747915	0.654159306840368	0.00709570739587245	0.174843983426662	0.00668242949642024	0.00578626673305251
"GO:0017016"	1.95948129680651e-09	1.67492745314272e-05	0.000312281241996418	5.80125487433532e-09	0.983270735184373	9.45457585192322e-10	1.57279331900647e-07	1.75819050120615e-08	0.0164000507316681
"GO:0042542"	6.70548575443728e-08	5.53192383387885e-10	6.00829959370768e-05	1.52491325746418e-05	3.16473439192343e-11	0.999924599146372	8.71196204822114e-11	3.20548910743109e-11	9.66244863765244e-10
"GO:0043154"	0.00488819856913957	0.789699346086337	0.00449274460276522	0.0438026840005191	0.0312889117502519	0.00523751477078121	0.107783482959554	0.0110604232853986	0.00174669397525253
"GO:0043153"	4.51302520169602e-05	0.0122849293896269	0.00385964885689578	0.000220392603825421	0.000456216340954764	0.00012280458826107	7.64308670137251e-05	0.00187975504387553	0.98105469205753
"GO:0070888"	7.32924339496117e-05	0.000859516659868985	0.00669976936124342	0.000328044201513549	0.00385172111423028	2.98224356582886e-05	2.88521607437518e-05	0.00330401462732226	0.98482496700547
"GO:0004857"	3.6628402087032e-22	1.48782863147699e-14	6.6404349195323e-05	4.85394614275193e-20	0.999933595650545	4.00490439007596e-23	2.72691416209905e-20	5.00715543260046e-21	2.44949565922182e-13
"GO:0048738"	2.22798375741008e-12	2.4598028735346e-10	4.39435708517657e-08	2.31037366394657e-13	0.999999950306955	8.27475775102984e-14	4.19356071644694e-12	4.99346162847325e-13	5.49625969560189e-09
"GO:0005102"	3.87539919286421e-91	9.58600878168171e-37	4.62279687695489e-57	1.43107102529963e-91	1.4551892289356e-28	1.59915088392212e-63	1.8925695176324e-71	7.51856311374328e-65	1
"GO:0005104"	1.30200419225813e-14	5.55568207789385e-09	3.54537458845769e-07	1.74030442479795e-14	0.999974732523762	5.90593523119614e-15	4.2689457036955e-13	3.58014498677064e-13	2.49073822759019e-05
"GO:0042169"	5.53077098311843e-08	0.00760777175055074	0.990558205290924	5.96632811983764e-06	4.2981365333063e-08	4.09857617433429e-08	9.15643882888213e-07	5.65023645917023e-06	0.0018213514752262
"GO:0010107"	0.0151775223182804	0.017980483063606	0.00573964597243215	0.00558487199788416	0.00641755142091186	0.175317350864602	0.00558873894590826	0.0689515066175617	0.699242328798813
"GO:0008203"	1.34102951693274e-05	0.000118894586367869	0.00020780785514106	2.07275527039291e-05	6.02237630706331e-05	1.63798425867555e-05	0.999552351035321	5.29268634888003e-06	4.91238329059021e-06
"GO:0003887"	9.16957189881111e-09	8.85565544071731e-06	4.69167086436325e-06	3.38479337421291e-09	0.00465300378508571	1.9755473676584e-07	7.73258749964982e-09	7.50899066774254e-06	0.995325722056252
"GO:0042162"	0.161804822050073	0.0634277779422697	0.126664102904721	0.0961286338861966	0.109702861226826	0.13725151128978	0.167635133077493	0.0780524745588325	0.0593326830638075
"GO:0001731"	2.84072144959142e-07	0.0125735693825533	0.85641631861528	0.0173561099360609	0.000250701415105869	1.27860692022427e-07	3.0085972611123e-05	1.08118375985602e-05	0.113361990907953
"GO:0001736"	8.18763544861523e-05	0.0103499127721607	0.0714167976097821	0.914557100329522	3.96536909905882e-05	4.74913922085822e-05	0.0018815114802651	0.000141919010227583	0.00148373736035705
"GO:0036151"	0.00309383147668083	0.00178810755155809	0.00118850391173196	0.00182541778701719	0.00282451940172462	0.00903936042611507	0.955483670262768	0.0235917795669787	0.00116480961542495
"GO:0036152"	0.026910989790548	0.0102990061377083	0.00999618985553164	0.0123105333043347	0.0107970663532023	0.0169091139689154	0.687256253117499	0.215662550936341	0.00985829653591973
"GO:0032922"	8.01385767520061e-15	2.72307249266273e-09	1.24364473427754e-08	5.72452158541517e-14	3.83769934086173e-05	1.65922288808729e-13	8.35356342266446e-13	5.99541386076463e-11	0.999961607786051
"GO:0032924"	2.57850420599327e-10	6.46038255890856e-07	0.000176200958389406	1.88024270552084e-09	0.978222787659688	9.88969542430574e-11	2.84736758226859e-08	2.59769570215834e-09	0.0216003320353056
"GO:0032435"	0.127570439788204	0.0476055915926343	0.0616132660504485	0.0474553450922441	0.181866635871644	0.0470336095434126	0.158786730196645	0.196896936803517	0.13117144506125
"GO:0032438"	8.02903088084772e-05	0.000869875965128573	0.0666068468940835	2.95391106257806e-05	0.00271414837257578	0.000118058246760844	3.33869911013811e-05	0.00165686473627917	0.927890989374636
"GO:0016627"	2.16320410672511e-09	4.99894452299314e-05	0.849891121145525	1.6665688797633e-06	0.00580665777644548	8.99192737270574e-10	3.54982204755669e-07	3.97524839463246e-08	0.144250167266834
"GO:0043434"	8.82909413534498e-22	1.75484542011999e-12	0.847444219139934	0.152555780858279	7.68021604258917e-22	6.2465117134753e-22	4.54350669225055e-17	5.8569503841594e-19	3.28045478490624e-14
"GO:0072659"	6.82129311010217e-21	5.04184868850657e-10	8.93852082212019e-21	4.69747323920459e-20	1.50968579524447e-17	0.999999229412432	4.4774504892339e-14	1.0841050768243e-16	7.70083338638372e-07
"GO:0043433"	1.6207441354788e-18	4.11810798193351e-12	1.13498461540215e-07	2.7486354480157e-15	0.99667488660983	6.14663798004173e-19	2.14965152605342e-12	1.72385187179555e-16	0.00332499988543781
"GO:0016197"	9.02416648735251e-18	0.00017847907102429	6.50954805313442e-08	8.21201345817391e-18	6.2772722762646e-16	2.62667732724398e-06	1.2109740154594e-14	1.42002609533896e-11	0.999818829141955
"GO:0016192"	2.21041867576384e-36	2.00509414931849e-15	1.1600624486094e-19	1.47818823293481e-34	2.31722296070475e-09	3.9812288985403e-29	8.0185947051542e-24	6.32036940019196e-27	0.999999997682775
"GO:0008277"	4.89520423896571e-13	0.962059371339128	1.60038335053409e-10	8.76949178012506e-12	1.62256083102973e-12	8.76573649715449e-09	2.77859125218616e-10	1.29543591598728e-08	0.0379406064919978
"GO:0008270"	3.0221871520337e-189	1.03721665309544e-93	3.48696122312618e-37	5.93208449263075e-98	2.16943282703894e-129	1.95093738605645e-181	3.7522742184471e-129	1.44632075210113e-129	1
"GO:0042391"	2.77573820524809e-14	4.93967961936202e-11	1.67351557312962e-05	1.1586073329023e-14	0.99998283371153	5.08878442022525e-14	4.94689007446066e-09	2.25158992274427e-14	4.26136338617238e-07
"GO:0042393"	1.09817604102171e-15	4.25811133874258e-11	6.71441443815055e-07	5.53138918701253e-11	1.10875805919567e-07	9.29737989197368e-16	4.83673799168767e-13	9.36966537342689e-13	0.999999217583433
"GO:0071108"	1.44396838828723e-09	2.75918456120164e-05	0.00858933996208659	2.66611959036388e-08	0.0359512552789248	7.32967173170122e-10	1.97343304702493e-08	1.05626395955765e-07	0.955431658714519
"GO:2000811"	0.000424546652755747	0.00103589239123295	0.00522467207787528	0.000219375285503022	0.685144217771955	0.000159867295859356	0.000160755655333886	0.00189411655062328	0.305736556318861
"GO:0003674"	1.10271153092605e-106	6.05088880478681e-41	4.28704395077158e-34	5.28857358786392e-99	4.26243376388127e-15	6.51537981568739e-98	6.27771195303731e-73	1.46398601353714e-77	0.999999999999996
"GO:0003676"	2.09506821514237e-52	2.42074990110246e-46	1.40444905945472e-28	2.01089280241817e-45	1	1.28733271676837e-52	1.33948733052555e-33	8.15542704145236e-53	4.16631562255877e-32
"GO:0003677"	7.06167051645356e-63	3.7437847084374e-60	1.36513045777374e-40	3.56572042791051e-60	0.991719827751303	5.81988645811079e-63	2.1691048415833e-56	7.40174672436898e-43	0.00828017224869708
"GO:0003678"	7.22409180151144e-07	0.00170200026427334	0.278981475563941	0.00118402253381256	0.0291924746853776	3.18800664118316e-07	1.97450562547626e-05	2.90868511241283e-05	0.688890153835372
"GO:0048701"	7.88326630444429e-09	0.0169146459855013	0.904991583340113	3.88155963477056e-08	1.40129389937478e-07	5.30717316538992e-06	9.11536134075928e-08	2.88369733533401e-07	0.078087897149621
"GO:0030877"	0.00013517158110211	0.0559377825510812	0.00117593146935309	4.98384466345555e-05	0.844522782484731	0.00013065223404415	0.000165591113793951	0.00074319381472488	0.0971390563045349
"GO:0030879"	0.21927130206	0.0821300985540146	0.119607171647413	0.114348656905376	0.0848992057197903	0.0867551930294435	0.123422646424574	0.0890125495741309	0.0805531760852573
"GO:0048709"	0.00179030588685133	0.539434080221234	0.0482590545942586	0.0121973930432572	0.0638647765826882	0.00112193107304616	0.182186330674019	0.00399707860581078	0.147149049318835
"GO:0097150"	3.18550402263408e-08	1.75643668924168e-05	3.56503732339183e-06	1.32205546875362e-08	0.92047900458007	1.00285414071364e-06	5.83564057618192e-06	1.85086225259009e-07	0.079492797359177
"GO:0007190"	6.93000938024875e-10	0.179326381943186	0.779708150325044	2.64443162789973e-10	8.6311371154353e-08	3.60981150192544e-07	2.40844452345653e-08	1.31589076834464e-07	0.0409648638082817
"GO:0007193"	1.34827301177597e-19	0.999833646229968	0.000148660853271044	1.76788484999146e-05	1.65312980887816e-16	7.14333372087028e-20	5.87764964562247e-15	1.57732782691962e-15	1.40682537502388e-08
"GO:0010923"	6.72432750967747e-10	0.000137926048914575	0.940738660400547	0.0368733749969213	1.24280957973531e-09	3.30666156649393e-10	1.86273359941444e-06	1.63499393437079e-07	0.0222480100747155
"GO:0046677"	0.00364837678023966	0.00199461854522855	0.00171839606208887	0.00134584293540234	0.0571831381644402	0.0055430476103282	0.905391059332891	0.0218455299962632	0.00132999057311778
"GO:0046676"	0.00261666281732687	0.102570946695884	0.0147201166545375	0.0111484811471602	0.00303758016724586	0.00484369401340133	0.0229317121317481	0.00924808353325568	0.82888272283944
"GO:0005737"	0	4.62688517231867e-246	4.5075004472501e-124	9.51874833427831e-300	1	0	2.93821928699843e-101	0	1.50916712245091e-121
"GO:0002102"	3.632347755396e-07	6.04408808276159e-06	0.0188535997008249	0.981008662668143	2.78942195854764e-06	1.0396237082548e-05	0.000109786705019284	2.85165711327569e-07	8.07277840178719e-06
"GO:0005730"	6.53284336123548e-100	8.99721970665017e-63	2.2830060767848e-37	3.25874493036081e-67	1.78254982228228e-56	4.64015714815628e-94	1.32028937637796e-80	3.89843937771763e-72	1
"GO:0005739"	5.18343211074114e-39	1.60748107120029e-32	1.41296920455973e-38	1.78565260929374e-37	0.0963820489750581	3.1925895622521e-39	9.97032606232682e-25	0.903617951024942	1.3402664415536e-39
"GO:0006646"	0.0025806358057817	0.0465925095410206	0.00857369907056929	0.00105793317254223	0.00604692090639	0.396837091301996	0.0381683823205491	0.00464386677127499	0.495498961109876
"GO:0006644"	0.00165090627794845	0.171725591733546	0.282247074161943	0.455430729852599	0.0081219239395232	0.000859427751655033	0.00504887126325376	0.0105752337814202	0.0643402412381118
"GO:0006641"	0.0320681151324438	0.0123889910630513	0.0120176926658971	0.0523865700189369	0.799158972995592	0.0197439594038907	0.0296659030037934	0.0307914640141081	0.011778331702287
"GO:0030658"	2.09238737957473e-05	0.000273114702092917	0.000109819146730173	9.0049654180902e-06	0.742021951597659	5.03849380146789e-05	0.000309381398092755	4.8874431776116e-05	0.257156544946421
"GO:0030659"	1.53003593954655e-32	7.4786961624871e-14	1.51259667542878e-13	3.59896544865962e-27	7.00887244391158e-13	2.19693561017761e-31	1.64201798108265e-24	3.73700536189339e-24	0.999999999999073
"GO:0030126"	4.6542429792898e-20	2.72542154666391e-12	6.8169729965449e-17	3.03099060570041e-17	3.52119647028555e-20	4.79732482844455e-18	0.999999999997274	2.77703971598433e-19	2.82822691108062e-20
"GO:1901800"	0.000301795430788419	0.022582399489557	0.0190554744106884	0.0010163299034632	0.0280417186326279	0.000242770615322597	0.00811358507621952	0.00138158749660323	0.91926433894473
"GO:0006919"	0.0227254294039806	0.00850085076946663	0.0185549792303367	0.00867464405075158	0.862308579226614	0.0111304722506719	0.0232507131625155	0.0247072799128074	0.020147051992856
"GO:0008757"	0.000203972285472701	0.00229417141053341	0.0190336371009351	0.0011727018603563	0.0355126034209903	8.56014455278011e-05	0.000378364283591761	0.000965750303316546	0.940353197889276
"GO:0006914"	3.28032057853207e-41	3.91678244824165e-22	2.0604939816373e-11	2.74829684805244e-33	4.32157578201833e-06	7.22952048183365e-41	7.22528932845773e-32	1.75410715754238e-30	0.999995678403613
"GO:0006915"	2.4144006073344e-145	8.61362091645543e-32	2.03781336282738e-42	4.03641952927129e-128	2.07013648930328e-103	1.26394220874358e-48	3.19529873505206e-89	1.10980470614393e-108	1
"GO:0006913"	0.0201042338802256	0.0097782065220999	0.0110166705866748	0.0150410267051353	0.0110386772768942	0.132030194696505	0.737994271917061	0.0522419513625235	0.010754767052881
"GO:0000775"	7.11371543644985e-12	1.76170441201324e-06	0.999964349830206	5.33765563933658e-12	3.07822274472582e-07	6.58790523809005e-11	2.5996047901075e-07	7.01701843418654e-11	3.33205341276926e-05
"GO:0000776"	9.3959831289289e-18	1.08618881057853e-06	0.0279302680551525	6.00936192560109e-13	5.34933778116303e-08	1.12581471589193e-17	1.27527753916701e-12	7.55510287017883e-13	0.972068592260027
"GO:0000777"	9.98030842257825e-21	3.72891959078799e-09	1.05229770397483e-08	1.62914391780245e-17	6.47126148495891e-06	4.36690300285843e-20	1.7160018761752e-15	2.34778093187696e-15	0.999993514486614
"GO:0031528"	0.00284568654623695	0.117168611030969	0.0668625753568635	0.00531957397708777	0.104310074770971	0.00105840107375607	0.00310759215595359	0.00905051627096914	0.690276968817193
"GO:0031527"	4.85800681760141e-06	0.00370918525824908	0.000831693463319396	3.43665247457831e-06	0.0233487135358979	1.79588787766582e-05	0.000299987214629673	3.11961339317818e-05	0.971752970855903
"GO:0071850"	8.49999299912318e-05	0.703548547045942	0.000222170483873685	5.16117295144596e-05	0.0029211595609982	0.000945841052037053	0.00033672170929668	0.0029336383150541	0.288955310173293
"GO:0051216"	1.4723191920038e-06	0.01488109218142	0.00528197731546809	1.10228896174385e-06	0.00204750407220075	1.4915004321495e-05	3.06053715446269e-06	8.4316390357055e-05	0.977684559890924
"GO:0051213"	3.80961629651221e-08	5.38434227395371e-07	0.00043544891951796	4.10224256277865e-07	0.976537890407226	2.57978757544584e-08	3.00913324771287e-08	4.21626636122271e-07	0.0230251964027648
"GO:0007200"	2.28825364754918e-16	7.01737731856142e-11	5.50908454189525e-05	0.999944909078792	6.69221782324172e-15	2.5302251503569e-12	5.2425929620422e-14	2.01895206164105e-14	3.00591756059929e-12
"GO:0007202"	0.000133953659093105	0.998709951542427	0.000138522448608623	0.000163266917606147	0.000218557508163393	5.61346030035851e-05	0.00011392314324374	0.000460886619347437	4.8035585066025e-06
"GO:0051219"	6.94044193314018e-17	1.93116230563751e-09	0.31625840999788	4.53023770610866e-09	0.000756602461959815	2.33557006175197e-16	2.35318202932719e-12	3.16032406809811e-14	0.682984981076375
"GO:0007204"	1.21698022379834e-21	2.2343109438032e-07	7.69645122436704e-09	5.71910445232899e-22	3.48428934266625e-09	1.88881516787158e-15	1.24818820211686e-15	1.24710107951934e-15	0.999999765388161
"GO:0046847"	0.0113839826753795	0.00822817698980194	0.0107868747811796	0.00441835840506188	0.822018417440505	0.00792486383388854	0.0961747076594605	0.00423487371063294	0.0348297445040903
"GO:0007346"	0.000126826704145648	0.000931257535378022	0.46050146859079	0.0335702169104016	0.0323574200677985	5.79645479588443e-05	0.000808374437333922	0.000174006349780366	0.471472464856413
"GO:0071356"	8.83115587604528e-10	2.59818957064739e-06	0.663083431047806	0.336196697286214	6.17446154257515e-10	4.52062569305983e-10	1.86659704535718e-07	2.26532808494848e-07	0.000716858331271455
"GO:0071353"	0.0271757322446446	0.0292276432047952	0.0130760394683977	0.0100338067933453	0.145393929815283	0.082778241188307	0.0100618935612404	0.0902547016045919	0.591998012119394
"GO:0001965"	2.38979043034778e-08	1.32921651519469e-05	0.163238383456542	2.6603115355202e-06	0.0197837265952403	9.32363760690718e-09	1.98431860958333e-07	6.96599779478571e-07	0.816961009218348
"GO:2000649"	0.0194284152988687	0.0156526647227009	0.0136645797180854	0.00720106139213051	0.553192187572981	0.015153577083603	0.361334121413529	0.00727849692394007	0.00709489587416158
"GO:0001968"	1.10167432834052e-05	0.0124896723765891	1.34361977703104e-05	4.88614698689068e-06	0.00238866659482513	0.122675057716412	0.00137233023986574	0.000138849567035028	0.860906084417232
"GO:0035145"	0.00142596100085135	0.00367352407983326	0.0532435978135263	0.0436540449842259	0.00733848064109871	0.000554084226002438	0.000660359930950334	0.00725312483644498	0.882196822487067
"GO:0045071"	3.84960737795418e-08	0.995764337004013	4.1106728698194e-08	1.76807557565342e-08	7.43510387309387e-08	0.000168240531600088	3.66432541862425e-07	1.36630410964358e-05	0.00405322135615124
"GO:0050919"	8.37534813747155e-12	2.33260851996786e-06	7.35473209305223e-05	6.75272619007357e-09	1.58519083128434e-05	3.38252778376427e-12	7.86439500592909e-11	1.99927913388396e-08	0.999908241326317
"GO:0006349"	4.63215771345413e-06	0.00355630526877247	0.554896413338726	0.0434840698698888	0.00015930275172259	5.43430727116732e-06	5.753055543658e-06	0.000196105440356387	0.397691983810005
"GO:0006342"	8.83317405761686e-05	0.000251769853469287	0.000186251434159696	3.48248497378441e-05	0.977840021788402	4.13431417717848e-05	3.3335788783075e-05	0.00036843232987612	0.0211556890732242
"GO:0086010"	1.71011995396523e-12	1.359182613537e-10	0.000185961314175185	0.999814036869115	6.30909454265451e-13	1.83938162782568e-11	6.67003630239516e-11	1.4100758975493e-11	1.57925520855417e-09
"GO:0043171"	0.000188257092548696	0.0177535165037428	0.650123344350513	0.138571709241138	0.000237158785273182	6.95705848582461e-05	0.00112835043913374	0.000978386554635624	0.190949706448156
"GO:0006120"	3.6003667451038e-06	0.992488987250344	0.000668707014103759	4.83968868031912e-06	0.0053104798548909	0.000281669306163185	0.000153479363959387	0.000718346785868546	0.000369890369244328
"GO:0007585"	1.18870508129815e-15	6.83914958217732e-12	8.7398062915271e-05	4.78335027849432e-13	0.999900389967741	1.4067838571944e-15	3.04415237860313e-12	9.62393717598622e-15	1.22119589699092e-05
"GO:0000186"	6.89374687995467e-14	0.702025045547267	3.94789512753614e-11	1.22575388968428e-13	5.8526993883893e-05	1.91465724509041e-12	1.93454294610501e-12	3.73346574740838e-09	0.297916423681864
"GO:0000185"	0.000435237821391994	0.000395144303381117	0.000160123715312125	0.000191404295665527	0.000805737508505436	0.00305305933881469	0.992017892806739	0.00278176908943767	0.000159631120752608
"GO:0000184"	9.20978141217804e-10	0.000245916496999072	0.100714292954487	0.00162953606977476	0.00434296914559466	7.98376867458041e-10	4.79035342279925e-09	5.83101888687226e-06	0.893061447804549
"GO:0000188"	1.85366448715515e-09	0.001000538062722	0.166967565497864	0.831606525161687	4.48116524051005e-07	1.97846751564643e-08	1.46626007508376e-08	4.58814290267374e-07	0.000424428045972013
"GO:0051018"	5.68834549460927e-05	0.383919672438095	0.267943961669583	2.57800943682647e-05	0.00163608273334088	0.000214247046178502	0.00057546852845608	0.000521661966081554	0.345106242068951
"GO:0004872"	4.63962261202477e-37	8.71589470597741e-18	6.26174563766251e-18	5.10103557764437e-31	2.37181990660594e-15	1.56969404817016e-33	1.26155744314588e-26	2.15782412073853e-26	0.999999999999998
"GO:0004871"	3.8901146212464e-30	0.913275982206414	8.30337851370179e-18	4.55729628330992e-22	7.10975845158232e-14	2.19247891104344e-29	1.45760431600447e-28	2.70491932364344e-11	0.0867240177664658
"GO:0050661"	9.70638465723435e-24	0.999999999998857	1.13721338138393e-20	8.61153759937767e-24	1.14300872022326e-12	2.63441776587236e-21	2.87760696354474e-19	4.04821750726381e-20	4.53979562082952e-17
"GO:0050660"	5.85383896325535e-14	3.18808706199219e-11	2.31922572896281e-07	4.59704424697803e-13	0.997656550482198	4.5122974854448e-14	1.16801247104837e-07	3.99333185009448e-14	0.00234310076149749
"GO:0048538"	4.34555028750913e-10	5.41441266130734e-09	5.34202828041301e-09	6.904738283316e-09	2.27313327447319e-10	2.52173604862562e-10	0.999999892083534	8.86294049694373e-08	7.11839647599714e-10
"GO:0048536"	2.3180456201497e-11	6.28204813358209e-07	5.98773887917904e-06	6.01127204201491e-10	0.00413179562832597	1.67936762830921e-11	8.95324802185435e-11	4.04177414558217e-08	0.995861547279606
"GO:0048535"	0.00151882061087806	0.00726384080541748	0.000585945217704078	0.00112483867448235	0.134118111591733	0.00818085205442949	0.00063715445621495	0.00758624308900558	0.838984193500134
"GO:0005694"	2.68059909706298e-30	2.17307771890637e-15	6.44093820210907e-14	2.95386625286125e-28	6.51415241439267e-05	7.61257608856943e-29	1.17470100117166e-22	5.68310510420788e-24	0.99993485847579
"GO:0006977"	8.93173490539156e-20	0.262649026746555	1.82934677725799e-10	3.37157222105861e-20	3.70398020693331e-20	1.58427557933865e-05	4.70651297474124e-15	1.84308437542406e-12	0.737335130312869
"GO:0048286"	7.93417280569414e-09	8.58297974977843e-06	5.80817800055904e-06	1.50657339708427e-08	0.00519492375725008	1.10162595089057e-07	7.89135041499583e-06	1.6941546488778e-07	0.994782491156618
"GO:0004252"	2.81059446059142e-50	6.23244987728807e-20	0.999999941018287	4.0264424431668e-19	5.23218428988049e-29	3.37583491819379e-49	1.71385183496082e-35	3.70806632020682e-40	5.89817125212248e-08
"GO:0051044"	0.00344996936167595	0.00302660931097347	0.00333498948263154	0.0027219938256083	0.920272481625187	0.00483820530571561	0.0381344006380267	0.00127732355941009	0.0229440268907716
"GO:0009168"	0.125896223910743	0.0480693141135512	0.046337203762943	0.0881470246952797	0.480285107565045	0.046522872213099	0.0559751735391051	0.0619234038445077	0.0468436763557254
"GO:0005783"	1.57144028770991e-136	5.29081814913469e-86	1.13614380490829e-82	6.71072744350075e-128	2.09737947634527e-45	1.62588500541893e-115	9.22986960019345e-111	1.6677093951121e-101	1
"GO:0071456"	6.6911190413489e-09	1.14301477397379e-08	0.000964294745874089	0.999035259384617	2.88042207980351e-09	7.94260100343494e-08	3.27521301492573e-09	3.39731264612791e-07	2.43533235279277e-09
"GO:0001755"	1.96224770218764e-13	4.74328646096331e-06	3.44579112098761e-06	1.51706263895182e-10	3.08875298105401e-05	8.63756731723468e-14	2.03830274180561e-12	2.19809028468483e-09	0.99996092104049
"GO:0001756"	0.981212305339167	0.000219694262243637	0.00029340811081016	0.0002094433867227	0.0169142621590497	0.000290186699353611	0.000348295946769766	0.000307750748415786	0.000204653347467101
"GO:0001750"	0.00420158415732548	0.00333584692560402	0.00309973861853218	0.00162445551295882	0.0550822325635392	0.00204292526883748	0.0163235752946659	0.810558358173703	0.103731283484833
"GO:0016605"	1.55314414599145e-32	2.2347690102214e-14	3.02269981732018e-17	1.27357410409789e-31	1.86416280276409e-11	7.97709388084548e-27	4.02813430936378e-24	6.25016581983669e-24	0.999999999981336
"GO:0016601"	1.07932317710228e-09	0.00252646819254303	0.995603995108576	7.24267471292483e-07	1.51973630228311e-07	6.17690830253609e-10	2.12361145166191e-07	5.65565578074891e-08	0.00186838984306266
"GO:0042826"	1.69692371875066e-22	9.88617786481729e-20	1.77065481045683e-05	0.999982293451894	3.40414329578508e-20	1.15195185504596e-15	9.28599868147336e-21	1.25710268119575e-20	5.83671814775465e-23
"GO:0043410"	2.92211596075321e-17	0.0750098873750848	2.16138824765272e-07	6.67305411692603e-12	1.95970445715618e-09	1.76492064847967e-16	2.88623563902363e-11	1.74545531688668e-11	0.924989894473396
"GO:0031267"	0.00618941760384739	0.0108106480592455	0.00240155421427004	0.00264588279281449	0.00288660831062056	0.136724014414818	0.027786110517683	0.808311998879015	0.00224376520768635
"GO:0000407"	6.30162109321693e-05	0.00472164309250565	0.882486947461159	0.000127880043389591	0.00114977526834775	2.46850617849873e-05	3.11825829205496e-05	0.00112814417997981	0.110266726098981
"GO:0006783"	2.07914549472284e-06	0.000324876797079752	0.764683284522597	0.00071183172650857	0.157097490828957	1.03441526919368e-06	0.000431154672928145	7.23530167778671e-06	0.076741012589488
"GO:0072583"	0.0370481630958988	0.0148487903210017	0.0538338101147688	0.0253313083976896	0.581567286175114	0.134166130467699	0.110365817835866	0.029410030762637	0.0134286628293257
"GO:0030819"	0.00107204646676355	0.156201443172124	0.000679689629332667	0.00103362690860325	0.000429125282817043	0.762856263990269	0.000394664998700198	0.042129747616042	0.0352033919353487
"GO:0005198"	1.64968816358152e-29	1.38597748146712e-19	4.88227505055171e-10	8.78007751604614e-23	0.000336882738934327	8.512720946069e-30	4.16862006471173e-26	2.31942717737963e-21	0.999663116772838
"GO:0050873"	7.27483340489409e-18	4.17498234019561e-16	4.06779311199096e-18	1.53852316179741e-20	8.32148370094772e-22	1	3.28198873510005e-19	2.09713616373537e-21	3.47174490840399e-17
"GO:0030100"	3.28740209520843e-09	2.09599356569052e-06	6.09049309155582e-06	2.15381411658137e-09	0.35557803150015	2.04789909264517e-08	9.50080008472958e-08	1.53256952965225e-07	0.644413507828032
"GO:0004407"	2.32892722339018e-08	9.83969251162181e-07	5.46763627844132e-06	1.77982262872454e-08	0.0337867806023917	1.80450920426436e-08	9.9438162395091e-09	7.16822835493649e-06	0.966199530487317
"GO:0004402"	1.18023498331529e-12	0.000320258468798332	1.00259688772677e-07	4.1404896208632e-12	6.03975670322949e-08	1.83074508124384e-09	8.62898017036059e-10	1.07238852610228e-08	0.999679567451097
"GO:0006661"	3.09267813703483e-20	7.30802838021855e-08	0.000110534131356394	8.15120439032042e-16	0.000278106989233567	1.36918103839885e-20	8.91567848985403e-16	3.54261796861084e-15	0.999611285799121
"GO:0006935"	9.63172905748465e-09	0.000880251854774561	3.23096924597906e-08	3.61147430870228e-09	7.22768130563377e-07	0.919378537411356	0.0704269001026654	6.54756680843431e-08	0.00931347683450967
"GO:0006936"	9.19347729221314e-08	4.06100807283089e-11	1.09312305024944e-14	1.03014878264715e-10	1.50345383342592e-07	0.999999757576004	1.85069456488994e-13	1.0214400931213e-14	8.73898176405323e-15
"GO:0000792"	1.06442779152129e-06	0.0152664345073814	0.000217376596128332	1.17939532579202e-06	0.008508535395416	5.44070322310595e-06	1.05019959865482e-05	3.62248403949363e-05	0.975953242138352
"GO:0000793"	5.23343724491348e-09	6.82987974853654e-05	0.000313887402221883	5.57089332883028e-09	0.468186812786621	3.13470885689926e-09	9.11939009435072e-09	5.82700862560618e-07	0.53143039525438
"GO:0000790"	1.47323495887256e-34	2.34220008825587e-20	1.17536086539002e-19	2.83430255327196e-30	6.19692660661766e-14	3.26530254153029e-32	2.36146786001758e-30	1.63970557947885e-24	0.999999999999938
"GO:0000794"	0.000226896448993916	0.000533666738391942	0.000652205766763551	9.2867230420716e-05	0.173222250039693	0.00012514807403111	8.39981444618877e-05	0.0026153470224986	0.822447620534746
"GO:0050731"	1.93463057104638e-30	9.54048698548005e-12	4.87522689015659e-17	1.75120138506474e-25	1.57634321399158e-07	1.2110178473392e-29	3.30841828393153e-22	3.60706671807029e-22	0.999999842356138
"GO:0034644"	7.85308300415385e-11	9.58889762027013e-08	9.19217211803349e-05	2.17121559717024e-09	0.00570224774105358	3.62948222955048e-11	3.5956957623716e-10	1.39595555167179e-08	0.994205718043623
"GO:0044344"	0.00336338484654078	0.00138098106664955	0.00566320850177393	0.0012420683147076	0.977799580040761	0.00174811533727862	0.00648589371854692	0.00144017033724524	0.000876597836496438
"GO:0048278"	0.0029354845570006	0.171188271408677	0.00124328740529177	0.00313444168607623	0.00310144837776643	0.00162645019540816	0.00902192443011654	0.661083444945881	0.146665246993782
"GO:0051233"	2.71915358588844e-06	5.46471486275651e-05	0.736718698914249	0.0051072521072077	0.00283973021012243	4.81666939197243e-06	2.02998179427179e-05	1.07217197685092e-05	0.255241114259104
"GO:0007223"	6.17871393746524e-17	1.53173229784136e-10	3.63863939406688e-10	5.94115273450648e-17	0.999813073448732	2.38465271496922e-17	3.55385851358112e-17	5.60222005711469e-13	0.000186926033670198
"GO:0007220"	1.79747031297677e-05	0.872302730016587	0.00320746585842246	0.000712652240420469	7.30197895397712e-05	5.25772466357744e-05	0.000949984693291206	0.000348888538359807	0.122334706913613
"GO:0010719"	1.04184308788965e-06	0.899687090707167	0.000147574432141274	1.90919835141328e-06	2.04283625253167e-05	0.000146734961516308	0.0001652807708204	3.00980297353869e-05	0.0997998416946551
"GO:0010718"	0.0307998571414004	0.0244491422590939	0.0442473928957338	0.013792595298221	0.413216019039724	0.0278219221580057	0.418961102259615	0.0115023488413614	0.0152096201068439
"GO:0007229"	9.56907417130037e-22	6.41274823396634e-15	3.50923267244179e-07	4.87850671434795e-16	0.999740343090716	4.01974825527594e-22	3.06216449688964e-13	3.90725044077755e-20	0.000259305985704195
