"V1"	"V2"	"V3"	"V4"	"V5"	"V6"	"V7"	"V8"	"V9"
"GO:0034199"	1.27165103632081e-05	0.0147557274766037	0.955928096914303	0.0102583466994254	1.48739815106044e-05	5.92854733989501e-06	1.73813405185992e-05	0.000408119852556676	0.0185988086773792
"GO:0034198"	0.0001113817846675	0.984703609756755	0.000633161910739515	0.000936386257021645	0.000185259318499401	4.87434625948825e-05	5.69790406924656e-05	0.00519319656528847	0.00813128190374133
"GO:0030855"	2.46344673460451e-08	0.140401313981143	0.0987268322166179	2.72704163474118e-05	0.280066020685046	3.22756947600238e-08	5.28925649048402e-05	0.00028868072864621	0.480436932497133
"GO:0031103"	8.33045156784765e-09	0.0002201196415468	0.358549110116799	0.641229089374206	3.06490414260359e-09	1.13138420780598e-07	1.7619971389316e-08	2.45802822466007e-07	1.29291087799824e-06
"GO:0031100"	9.50243655761279e-53	1.67778758760145e-28	0.000106601384762568	0.999893398615238	1.02975763863498e-47	2.03462144157582e-44	1.77519122013e-44	2.05578817236661e-45	9.22810305280776e-31
"GO:0050830"	2.00948478610478e-09	0.999968506620446	2.12181106564968e-09	9.13863133488981e-10	1.11192937196845e-05	4.98841422399738e-06	3.15913318117791e-09	1.41309914925575e-07	1.52361574027669e-05
"GO:0050839"	2.30114729087356e-38	1.07314224259222e-25	1.60846419016421e-07	0.999999839153581	2.36961549796652e-35	1.47254729581851e-31	9.68360069364645e-34	1.13525775960747e-32	7.69867700201499e-22
"GO:0051781"	0.00576008991108179	0.00406808840041772	0.0188114380457382	0.123346996483104	0.00321516219215788	0.837840147510988	0.00214110535652671	0.0048167543948432	2.17705142975993e-07
"GO:0010906"	0.0061600509777419	0.0183294486439226	0.0832486284086778	0.557524382955739	0.00958230074639019	0.00378760637252746	0.00352792559857722	0.305999131770881	0.0118405245255432
"GO:0046658"	1.92551910194907e-15	2.87133445531321e-10	0.00997386801541171	0.990026131448397	3.56090490989338e-15	1.07198963938516e-13	2.10149521755269e-14	3.00541818243792e-13	2.48623895312588e-10
"GO:0046655"	4.2428327464688e-18	3.29241172228758e-10	0.059575305894793	0.94042469373387	2.55936350329265e-17	5.83740493914467e-17	7.42022806521815e-16	7.2365810278706e-16	4.20938890873215e-11
"GO:0005719"	0.000769796415618253	0.127049544887454	0.126485862257129	0.472188326905738	0.00274769703901908	0.000285279780012655	0.269841630827415	0.000591857517569682	4.0004370044973e-05
"GO:0051879"	7.52361673267058e-17	2.31327358898116e-09	0.999953198665684	3.36863850643229e-05	3.34610015519393e-10	8.38328289959202e-15	1.46451090471865e-13	4.50913553266245e-14	1.31123011677645e-05
"GO:0007626"	8.78017855114412e-21	0.0209791379071279	9.14222890715603e-07	0.979019947869962	6.50589917825807e-19	1.15482274142786e-14	1.73666431122484e-19	8.18125873960141e-15	5.49616991985876e-18
"GO:0007623"	3.91414370861446e-12	0.999523580793423	3.08812840523206e-06	5.41620738963471e-07	1.12476206530265e-06	3.18598163052778e-12	4.54521085235071e-11	5.07492478381295e-05	0.000420915394977205
"GO:0006629"	7.66654211594944e-38	1.90147755409113e-19	0.999275943169527	0.000724054142017926	5.31147329370571e-25	2.31213127908735e-30	1.51914176450563e-27	5.68325668695686e-31	2.68845530647397e-09
"GO:0006626"	8.00541284050344e-13	9.41442633709159e-08	0.00370924537057315	0.99629065950473	2.742397664492e-12	2.06841192173204e-10	1.75916802104062e-10	2.70163656515614e-11	5.67115718789472e-10
"GO:0007628"	5.51476969074607e-14	4.43245181372761e-08	0.0737985582453191	0.926197813546304	1.03083239426385e-12	8.61017155102625e-14	4.13397896194368e-11	1.40176605361299e-11	3.58382732890385e-06
"GO:0036459"	1.51144805712122e-12	4.66207945339141e-05	0.303651676844862	0.683026038945392	1.88020708679204e-11	4.66734681153325e-12	9.21809010702925e-11	6.68451155108005e-09	0.013275656613539
"GO:0030674"	1.60894935807145e-19	1.98253631169444e-09	0.999975977868835	2.37948767966889e-05	1.46491164426777e-16	7.37707594408043e-20	7.96414724756322e-15	1.17606959172709e-14	2.25271812100483e-07
"GO:0030672"	2.6489765801353e-52	9.66204640690879e-34	5.57730277968472e-12	0.999999999994423	4.29966145017824e-51	1.14501450172456e-46	1.95588120514508e-45	1.13532927431349e-47	1.71149305113077e-38
"GO:0030673"	0.208902315614568	0.0919350753601952	0.0971025116341998	0.155067280980593	0.0773697059827622	0.123669858202006	0.085807741772012	0.0840208562156024	0.0761246542380609
"GO:0030670"	1.808528156356e-25	3.5256228617903e-09	0.999969372276206	2.46875559156882e-08	1.02077415892377e-13	5.90911972920196e-25	5.09262752817595e-19	1.3271212875917e-19	3.05995105133227e-05
"GO:0048384"	1.87929802819802e-05	0.000229058223668663	0.0674353127363371	0.931737911321734	7.22548232614791e-06	1.65756348787028e-05	2.36510651298723e-05	0.000107860935538538	0.000423611620105217
"GO:0000289"	1.89927133508723e-05	0.943411909712248	0.000218494688709575	0.000321755019080199	7.39174400979187e-06	0.00850136178178738	0.00066670747753071	0.00232477389723369	0.0445286129660497
"GO:0000287"	1.71410481995207e-35	7.19613549542001e-25	1.57949491371918e-10	0.999999999842051	3.11396044576399e-35	8.07192370207117e-35	4.20400913483418e-33	2.39011535741445e-25	1.22137995225783e-19
"GO:0045070"	1.02794176482731e-06	0.00808492380140415	0.84179979274196	0.139899793839215	1.52450091637569e-05	3.81336305922316e-07	0.000445111434796828	1.28179839035525e-05	0.00974090591148591
"GO:0000281"	0.0219806148855724	0.0533632207586443	0.521023961300203	0.314327638266073	0.0145864596709966	0.00839778346842424	0.0173839342789241	0.0254313769528986	0.0235050104182639
"GO:0055007"	1.20986166019549e-11	0.000213126410841867	2.48223957416792e-05	9.69569956199665e-12	0.0371470119160118	1.73061814427572e-08	3.77124940479053e-09	2.21628216678873e-09	0.962615015961897
"GO:0006974"	2.017717796117e-84	2.21649251440071e-58	1.24826314985324e-15	0.999999999999999	5.39360816883154e-76	1.04256520990821e-72	9.1656230969093e-68	2.51923591326136e-70	2.44987335938992e-46
"GO:0048037"	1.0531659085376e-07	8.92170358693435e-07	0.0067174908921405	0.993250572819354	1.64752722144296e-07	7.99598867637675e-06	1.29028190483767e-07	6.01196175588291e-07	2.20478357912387e-05
"GO:0043928"	6.93563610689666e-12	4.93552235784973e-07	0.0298834298839648	0.970115620982422	1.1729839272135e-10	2.7381061185584e-11	5.15403583592878e-09	9.83202943026723e-10	4.4929252411964e-07
"GO:0006979"	2.12874280917368e-36	1.80701278295272e-23	1.94151535457111e-09	0.999999998058318	1.76042772255447e-32	4.06156586709362e-30	7.80095825503458e-35	8.14736476093705e-26	1.66830119186761e-13
"GO:0004197"	8.94067582355286e-29	0.999922159020017	3.51808430162686e-13	9.73776078047915e-23	2.92082390750558e-07	9.52570196811679e-29	7.70070400539733e-21	1.60602854563146e-21	7.75488972402138e-05
"GO:0004190"	3.92869049690127e-20	1.38084590757678e-11	0.0160818036443509	0.98391819634181	5.88186361357348e-19	1.46488852319487e-17	6.77692651468712e-18	2.27534300408075e-18	3.11192848946151e-14
"GO:0004198"	2.35129139004887e-17	5.22812179011036e-13	1.62375315536751e-06	0.999998376245166	2.51747629564899e-17	8.8249534873698e-16	1.52726219258678e-15	6.9619256427055e-16	1.15248836390062e-12
"GO:0018107"	5.96685938492257e-10	4.9564264487008e-07	0.993000233798685	0.00680131315362013	1.19030412006815e-06	2.01762346377187e-09	8.29388268287691e-09	3.52510654512408e-08	0.000196720941672855
"GO:0018105"	3.8280015559826e-83	3.71382922571967e-50	1.45820174146813e-10	0.99999999985418	1.69927168705312e-77	1.60911437489484e-73	3.51383159080851e-69	4.83845702047388e-70	2.38253117446821e-47
"GO:0018108"	1.52678910854536e-34	1.85009608853883e-32	1.278554308849e-34	4.29644612469637e-33	6.28833618219002e-35	8.57737182979486e-21	1	6.38215894576195e-23	5.87594635386983e-39
"GO:2000060"	0.00148027373173693	0.926033054189795	0.000547400039137881	0.000546447689046989	0.00088472868429176	0.000927768125605322	0.00484637362403063	0.0454433443384094	0.0192906095779457
"GO:0045445"	0.0527978432021631	0.183761597996801	0.0337118714342446	0.0927014366789578	0.0206287442816502	0.0213768600427786	0.0248566162299774	0.551055697358455	0.0191093327749722
"GO:0045444"	2.48537715964444e-20	1.02686613882989e-16	1.15414518901651e-20	1.10747880464025e-20	1.25557824317671e-20	1.31521765277512e-10	0.999999999868478	1.74859325384956e-16	9.04813678584698e-21
"GO:0070064"	6.15570113528204e-16	2.52020259980381e-08	0.999975938298339	2.40227515584618e-05	1.71290141408713e-13	1.29476926945233e-15	2.0717976199427e-13	1.42985709256809e-13	1.37475534986846e-08
"GO:0070063"	2.59803810127815e-05	0.000269595610601215	0.156185826010531	0.00199763606641649	0.636558847135699	2.73708332283515e-05	2.35567532203047e-05	0.000218687237333681	0.204692499971957
"GO:0070062"	0	0	2.77713793394729e-246	1	0	0	0	0	0
"GO:0080182"	1.84910847927649e-08	8.83437723837588e-07	1.09325212165294e-07	6.67557388418124e-08	6.93351165197822e-09	0.999962506506239	5.8698358930345e-07	8.29210399300057e-08	3.57386458604656e-05
"GO:0051276"	3.41030818922208e-12	1.16224797367367e-06	0.00035383402868978	0.999644998720886	6.3746340324394e-12	2.65836743157031e-09	5.40097670908633e-11	6.40232407242122e-11	2.216265595835e-09
"GO:0007368"	6.19033176293275e-09	0.0132744042776704	0.000601630893109358	4.03387110267837e-07	5.16497042442423e-06	8.6058068651132e-08	9.69618603919408e-07	4.09074513185029e-05	0.986076427153363
"GO:0071333"	9.2239858713912e-20	6.59630641696077e-10	0.847679373439948	0.152320625883152	4.50744121395479e-19	3.89059514263567e-19	2.45082807492874e-15	4.74472331319117e-16	1.72664038247464e-11
"GO:1901796"	2.04663552892534e-49	3.45854434091713e-13	0.760413993821592	2.1272356766052e-45	8.5346093150895e-15	5.12864385273001e-45	3.0163226532729e-39	4.53297010954422e-35	0.239586006178054
"GO:0071339"	3.91236446414437e-15	1.87093834553313e-10	0.00206027873908042	0.997939657356402	1.51841240776926e-13	4.33360245978608e-13	3.03127820067626e-13	8.04885408863887e-13	6.3715726959949e-08
"GO:0030449"	0.020916650358955	0.0177387685622642	0.608410224946351	0.225844311681165	0.00832894090853311	0.0098092969565134	0.00774793698235168	0.0445550466645667	0.0566488229392999
"GO:0035162"	0.00478106355200877	0.030446891237782	0.553220036328148	0.305926225582844	0.0292176165310904	0.00764188399207595	0.0260893604227389	0.00301493185273973	0.0396619905005718
"GO:0061418"	3.49644677297042e-08	0.179613172290635	0.00010953159126419	2.53422814936922e-08	1.785593580429e-08	0.336771074643745	3.27006007212258e-06	5.75451737448273e-06	0.483497118734225
"GO:0042098"	1.09555746429554e-30	5.8815843435473e-22	3.25275288778762e-08	0.999999967472471	3.22330249493089e-30	1.81083311232215e-27	4.34376165336176e-28	8.35538101825487e-29	4.62959076445349e-24
"GO:0006361"	9.69771445889991e-38	5.23640820134276e-21	1.72131977262971e-07	0.999999827868023	9.50815616888948e-37	2.92689320510992e-35	3.39088718041619e-33	3.40531233568601e-33	8.9959440374006e-25
"GO:0006363"	6.35866561448907e-34	4.15400545865475e-18	7.55294478662927e-06	0.999992447055213	9.80816859883958e-33	1.21514271618726e-31	1.16519326341936e-29	1.34130993773778e-29	1.43967787392826e-21
"GO:0006362"	3.65448796810793e-35	2.57202726190917e-20	2.00364110147632e-07	0.99999979963589	1.45803529266529e-34	1.19586209095611e-32	3.78357507027706e-31	4.84481035446068e-31	7.81042158648176e-24
"GO:0006364"	4.09805055870638e-36	4.51556952058361e-07	1.44686389972783e-06	0.999998101579148	7.16812358303126e-36	2.33843852935259e-19	1.19477730197913e-34	7.53852068647808e-27	3.45201818879291e-42
"GO:0006367"	1.86306504959679e-114	7.92961601337412e-66	1.21429183339244e-15	0.999999999999999	1.3956989239737e-106	3.67310923010701e-100	5.37785791590418e-96	3.97752377320169e-97	9.83725190585974e-71
"GO:0006366"	1.36175071101591e-219	3.72182225403583e-129	4.19071138753122e-26	1	1.34402386292006e-200	1.1744123107335e-196	6.81718465062781e-177	6.38847166488466e-181	1.71374687173372e-123
"GO:0006369"	1.20407874906288e-06	0.000348713189896029	0.858011173696061	0.000708926987687687	1.95207578847322e-06	5.97530099560891e-07	1.18342509234314e-06	0.000534940711635373	0.140391308304991
"GO:0006368"	2.45828280191607e-60	4.79670646178331e-38	2.76413969750739e-07	0.99999972358603	3.82688216495678e-54	2.21121881269767e-48	1.08450867937148e-51	6.08478432849193e-51	1.26855029312969e-34
"GO:0016363"	1.50642465714209e-56	3.26210224856644e-32	0.00228126243943861	0.997718737560561	5.76839070568934e-50	2.51926089592034e-48	3.7374121331835e-45	2.78648026177102e-47	5.46497496287071e-29
"GO:0048557"	5.53532804989284e-06	0.00136001178978066	0.00253254503168528	2.03646127758182e-06	0.883781239179757	2.0570093051559e-06	2.06952629918953e-06	0.000185691703040395	0.112128813970805
"GO:0017015"	3.9987224901372e-18	7.4028231936101e-12	0.00126566441192702	0.998734335580622	1.64078259361965e-18	8.81061488317219e-17	1.15965534776992e-16	3.73021401283143e-16	4.74838890746493e-14
"GO:0017016"	5.72350444212783e-06	0.000191345145205151	0.00374685061581494	0.991431842061055	2.23727966532167e-06	2.93023981762927e-06	4.8387088491707e-06	0.000126787179123584	0.00448744526602733
"GO:0042542"	0.00875788374250585	0.00432006727287445	0.00502399901878812	0.00509418663073934	0.00329885201156948	0.820579029915044	0.00419860282714978	0.0137056214305157	0.135021757150813
"GO:0043154"	8.45050116979908e-10	1.33382618187053e-07	0.00504305673311985	0.984945754201593	1.24934988882697e-09	6.31700315786274e-10	5.36586347385372e-10	1.8019976357578e-06	0.0100092504223465
"GO:0043153"	1.817439910387e-07	0.00144240622850889	0.83565202106071	0.160899185938623	6.783295235994e-06	1.35631826734289e-07	1.0220481937657e-05	5.42820227791376e-06	0.0019836374168892
"GO:0070888"	0.00382780597651017	0.146667825640319	0.0922610795081482	0.0133345141708962	0.0146936699480586	0.00540785932427704	0.592409275641349	0.00385398093591146	0.12754398885453
"GO:0004857"	5.83935491515973e-05	0.952771128393615	0.00134652386369658	0.00463957785171874	3.21647476875664e-05	0.00043054055846017	0.0169844721205768	0.000656280658337541	0.0230809182567555
"GO:0090280"	0.003116818787119	0.0657025474007533	0.234917648997696	0.493781182651368	0.00124471627292046	0.00130143553945567	0.00429130801501849	0.018997028278431	0.176647314057239
"GO:0005452"	7.45895541399136e-09	0.00059970129669799	0.611921965404816	0.387435281096412	1.43648938768492e-07	6.56597696798302e-09	9.63686411692419e-08	3.03560542111154e-07	4.24945990189666e-05
"GO:0005102"	2.38373743736926e-276	1.38006490073317e-191	9.36578008763286e-65	1	1.50623151158209e-264	1.67639234866717e-245	6.97086150747315e-244	1.12647197091288e-243	9.3922288846458e-194
"GO:0005104"	6.7990147498965e-06	0.000641548701138648	0.48067519293932	0.368246472847885	3.61408236999003e-05	5.1801067365933e-06	4.11841952607539e-05	9.64782818060897e-05	0.150251003089403
"GO:0042169"	3.19857676498674e-12	1.20741166377166e-05	0.980470848258295	0.0195129445553051	2.30573444902583e-12	1.17844866877539e-12	2.38360888844748e-09	1.0536043561605e-09	4.12962586618952e-06
"GO:0010107"	4.54939517272438e-07	2.86218117973253e-06	0.00705600209146628	0.992937127669144	4.95886138079272e-07	3.23419558974561e-07	1.44378423236002e-06	1.1228772981565e-06	1.67151464833177e-07
"GO:0008203"	2.50263302266904e-50	1.81990625814297e-34	1.28333446160973e-18	1	4.51230487363085e-50	1.51128349561429e-38	4.37902506185724e-43	3.21627373704613e-46	8.53704021279085e-51
"GO:0003887"	0.0263140907424791	0.00973022937240372	0.0345466182407139	0.0298732345697206	0.0257400231482965	0.114707011849758	0.510385896324984	0.242656704313795	0.00604619143784945
"GO:0042162"	7.33868834890613e-10	1.24684157279777e-05	0.981926162400503	6.62874300579458e-09	0.000217896714496539	3.26268759150016e-10	1.25614127503382e-09	1.38674503058147e-07	0.0178433248497472
"GO:0001731"	3.64458276430872e-15	2.69058015312061e-07	8.97133560742423e-05	0.999910017493124	9.46047768368317e-15	3.7996638496138e-14	2.72805039346237e-13	4.99763517040165e-13	9.19627529891687e-11
"GO:0001736"	7.87201863599481e-11	7.66085948742926e-05	0.0987901372048123	0.901131634929318	2.9043898717241e-11	3.82129625725671e-11	1.81719664014792e-08	3.92391848423604e-09	1.59702913347511e-06
"GO:0036151"	0.000705035024902868	0.0003113933383297	0.00333135995441241	0.00113756491393154	0.000410036687660883	0.000269984885710551	0.76842116805986	0.0500084160784425	0.175405041056749
"GO:0036152"	3.99328805461178e-07	4.36127301254199e-06	1.57698688607612e-06	1.68356887840829e-06	1.60592771860827e-07	2.09916473702887e-06	0.999981405751299	7.15421799000956e-06	1.15911561956382e-06
"GO:0032433"	6.38685969012019e-05	0.000202644582811317	0.00546307851034559	0.989394486111542	2.3618874623732e-05	8.36735413940616e-05	2.65692423323161e-05	0.000491207646677826	0.00425085289337217
"GO:0032922"	7.61402119696012e-26	8.49493354222387e-11	0.999986644415092	1.33540547312314e-05	7.10427581882819e-19	7.67292657944209e-25	7.65675473756709e-21	7.77452665125877e-20	1.44522785128599e-09
"GO:0032435"	0.00235554547731429	0.00217192531480465	0.240055137307993	0.557310166065048	0.0352578959879451	0.152603685168848	0.00844007341592793	0.000964182732974983	0.000841388529144112
"GO:0032438"	3.44952949400577e-12	7.93729356491368e-10	9.04023154282964e-05	0.999909595046789	3.46076345245716e-12	6.90003450815413e-10	2.21225899431428e-10	1.42047141962913e-11	9.11708782891359e-10
"GO:0016627"	0.000444070475191278	0.889252388925566	0.0032342189979184	0.00296997113918317	0.000384575401871678	0.00961774709573962	0.0168090572983466	0.00532659049941286	0.0719613801667701
"GO:0043434"	2.12607460152852e-17	0.999999999993279	3.41828249037501e-15	1.81746733481383e-16	6.51749394408997e-12	4.61537032740454e-16	8.43164267697863e-14	8.70675980727821e-14	2.78204300745158e-14
"GO:0072659"	7.60673407669969e-24	6.61926542741044e-08	0.999964755916201	2.75501562907373e-09	5.96048837640326e-19	2.93039750606384e-24	1.16857218810066e-17	4.00573198012614e-18	3.51751361287083e-05
"GO:0043433"	3.67041503187176e-25	4.46716441838944e-15	0.00163452203885853	0.998365477961137	9.65320082742913e-24	5.97920735471315e-23	5.56364843673046e-19	2.05674944850999e-21	3.53219722165117e-16
"GO:0016197"	1.36089457758928e-20	8.45060511678036e-06	0.863460705446271	1.27021646034652e-17	1.2838558225165e-09	1.30570291881858e-19	1.12044085038848e-16	1.36758539691805e-14	0.136530842664743
"GO:0016192"	3.5902737632634e-60	1.96024989507527e-27	0.035018191549548	0.964981808450452	1.00749164943518e-47	2.48038542808153e-54	1.03871774720059e-44	1.92235769990831e-46	3.18598411092309e-23
"GO:0045651"	0.118420732298532	0.123176161675119	0.282890346639254	0.12961083307918	0.0621390822499153	0.0441365041649139	0.0443225773830729	0.163447982119216	0.031855780390797
"GO:0008277"	9.43290543569292e-10	1.394738312027e-08	0.00189862171055538	0.998091865696492	2.52330419250158e-09	4.18160336352979e-08	1.43607357849441e-09	1.08552083963262e-08	9.44107165891411e-06
"GO:0008270"	0	0	6.80866455009348e-93	1	0	0	0	0	0
"GO:0042391"	4.25723265579296e-09	2.19689876200112e-06	0.989732637251204	0.00612458614052505	7.54640826361215e-07	2.68754953732389e-08	8.0352405657995e-09	1.40361652180065e-07	0.004139645539062
"GO:0042393"	8.84409446005509e-24	8.51373278246669e-11	0.999998576660619	1.47324488299014e-15	4.79113803711425e-17	1.31661140337721e-23	3.45220799143812e-20	1.40814395526994e-16	1.42325424240622e-06
"GO:0071108"	9.65112700138793e-11	7.982733645228e-08	0.0018171237580939	0.998178389603537	2.76319493205917e-10	8.38282544637032e-09	3.2706063778802e-09	1.38784747075184e-09	4.39339692234207e-06
"GO:2000811"	0.000226450621390291	0.00479550142706447	0.970505213585138	0.0160919092458956	0.00304515735976228	0.000117394548350916	0.00369375418248289	0.00024813857191493	0.00127648045800097
"GO:0003674"	1.74237201739615e-299	5.13383831903581e-163	5.43138480924692e-40	1	9.05856234271505e-283	8.94421429267156e-272	5.19416149360028e-242	2.01113284222134e-246	2.11211719529492e-185
"GO:0003676"	1.12144377782869e-226	1.66070347306455e-124	1	7.86721380958639e-57	5.99898907387238e-138	1.81333254539355e-210	2.73749141312488e-179	1.41316736224569e-171	1.23553762842559e-57
"GO:0003677"	0	1.1123570637508e-208	0.9999999999997	2.99901516071962e-13	3.54275958930984e-218	1.5058320293119e-252	7.05012835262595e-295	1.33721502794418e-231	3.61443116845284e-70
"GO:0003678"	1.0676491861817e-15	9.75824242942454e-10	0.852025995580924	0.147974003384582	5.80701523812515e-15	7.77496993826599e-13	3.20921598816084e-13	1.09361301300551e-13	5.74547981708318e-11
"GO:0048701"	0.00242259039247908	0.00214365943574921	0.228400729893042	0.522882717448768	0.0565650595152839	0.0217552101662315	0.164063435419928	0.000913072895876793	0.000853524832641877
"GO:0030877"	0.00021418962855486	0.000132519391803742	0.010853311565172	0.985898352784528	7.88969472671622e-05	0.00056903920917368	0.00216803352831919	8.24980377252968e-05	3.15890745628024e-06
"GO:0030878"	5.59000303903895e-06	3.32338880686825e-05	0.109680573391725	0.889688034420501	4.01668912273814e-06	9.67200048346564e-05	3.89624540378025e-06	2.06479316215745e-05	0.000467287425684218
"GO:0030879"	7.13053665243641e-08	4.61715239673388e-06	0.00493166956362765	0.994970204225075	1.36980730432881e-07	1.36506019383486e-05	4.00265848149783e-08	3.51078615315233e-06	7.60993581272167e-05
"GO:0048709"	5.25708168902038e-08	0.000233370959257973	0.659473350195359	0.286173118702485	1.89902251366179e-06	7.87555870565729e-08	1.15084778423533e-06	2.17506961320126e-06	0.054114803876583
"GO:0097150"	0.000403952278886716	0.00408336107628166	0.757548677131682	0.131159223017251	0.00115919501437392	0.000163568398855841	0.00866612681525643	0.000412747711806237	0.0964031485556061
"GO:0007190"	8.51919051432928e-07	1.77053042206946e-06	0.00914801414858526	0.990374934060862	1.85137063183583e-06	0.000101175295469943	0.000371086828909375	3.15599094191423e-07	2.46974310414364e-10
"GO:0007193"	1.27347423752889e-27	5.81065997079825e-13	3.86566070135881e-09	0.999999996133758	1.54680235887906e-27	4.7979821958864e-21	3.56241649375558e-24	2.07911124122974e-24	6.03995500701942e-24
"GO:0010923"	4.56653862045829e-17	7.59415601533655e-11	0.100253351695235	0.899746617567881	6.99463478693221e-16	1.38805235847093e-16	1.5647299231154e-14	7.8259479245017e-14	3.06608476639616e-08
"GO:0046677"	5.24281015117839e-08	0.0309616067012811	0.00074328619576064	0.965676934154343	2.44756764806498e-08	2.17810238711592e-08	1.55615096220175e-06	2.17793966384011e-05	0.00259473871621243
"GO:0046676"	2.95875115478448e-08	0.0544587604094833	2.05194768410919e-05	6.47644443836652e-08	1.37659575131625e-08	0.00508655579245808	2.88932536443543e-05	2.69218959076159e-05	0.940378241053752
"GO:0005737"	0	0	1.18723075417676e-236	1	0	0	0	0	0
"GO:0002102"	1.42817077443932e-22	5.57030939206925e-15	4.90033338155783e-05	0.999950996666178	4.71548822417733e-22	1.89568838544801e-20	2.50078944731659e-20	1.96078277794862e-20	3.7800900825135e-16
"GO:0005730"	1.92687627850419e-248	2.01617639272311e-106	1	1.67502323683754e-25	1.11526332354391e-187	2.76806601984746e-233	5.13354048020846e-181	1.91444204889574e-183	9.56900898793763e-95
"GO:0005739"	0	2.63621575320567e-250	9.63794346959194e-05	0.999903620565304	0	0	0	0	1.51126074967323e-207
"GO:0006646"	5.8340862696677e-05	0.000636364927460342	0.0532488574611549	0.943080610016677	0.00016825405926385	0.00207560207024165	4.35493515715967e-05	0.000240351167936314	0.000448070082997552
"GO:0006644"	8.38841033458836e-23	1.57406110912125e-12	2.52320590690217e-07	0.999999747677496	6.36407876257496e-23	1.47381001942503e-21	4.35071000694416e-20	7.46740478461094e-19	3.39450458957758e-13
"GO:0006641"	1.45590637246733e-16	2.44296657198171e-14	4.37258533201505e-06	0.999995627330082	9.53336928803569e-16	8.45506317980054e-11	8.55693184807586e-15	1.70684809822264e-15	4.58202396200581e-17
"GO:0030658"	6.6034528111946e-19	2.4136850418875e-10	0.0294457865187975	0.970554213239822	4.30144692491153e-19	5.26777140501502e-19	4.76817489989813e-15	2.34981158575189e-16	7.2123622542639e-15
"GO:0030659"	1.15722476236518e-56	4.23911322761684e-21	0.98401062176347	0.0159893782365303	2.29552496381965e-46	4.79004274379915e-52	8.76419759514558e-43	4.15660001993307e-44	7.37237221970855e-23
"GO:0030126"	8.35959906347864e-16	7.8475941269153e-10	2.95939690066741e-14	1.33937399643003e-14	9.6600595131574e-16	3.16200975724991e-13	0.999999999214875	4.09252008652358e-15	4.85202164663577e-16
"GO:1901800"	4.54040246699977e-08	0.00805914900612499	0.958758297362201	0.0198949708680845	2.22184355582146e-06	2.38557872900386e-08	1.32177742188477e-06	2.33474018205414e-06	0.013281635142618
"GO:0004467"	0.0026300488147171	0.0432363156596478	0.00178363154335183	0.0010742232915815	0.011188754772846	0.385142539327685	0.116571450614337	0.00261729320138297	0.435755742774451
"GO:0006919"	2.21615060321962e-24	4.49036371984766e-16	9.29746880456046e-06	1.43133796609221e-18	0.954263804328715	9.01413523237527e-25	1.14674341313057e-21	3.05578279524985e-18	0.0457268982024798
"GO:0008757"	9.21195638340181e-05	0.00140868622370619	0.250064696522662	0.735226315551324	0.00126137856890299	0.0011162005442784	0.00201018657924123	8.12876140658842e-05	0.00873912883198556
"GO:0006914"	1.64482847069479e-42	0.999999999999966	3.27703309459602e-14	4.19780261187203e-17	5.30501306383048e-27	7.20402731007327e-43	1.63106900236671e-31	1.91273192153718e-28	6.69265892113106e-16
"GO:0006915"	5.76725352927715e-132	4.94926615480835e-67	0.999820077684298	0.00017992231570161	3.1785529015447e-101	2.03629314776744e-120	1.77450190766382e-99	4.07423369917382e-98	2.27511254282284e-49
"GO:0006913"	0.012394256753381	0.0240447393126707	0.0155819297362883	0.00456833631393908	0.143197120658177	0.00645704552888596	0.00457033291441134	0.0437359531630817	0.745450285619165
"GO:0000775"	1.82420134049277e-12	2.50019140044352e-08	0.0494090200110584	0.950590862842375	1.41849981407453e-12	4.88703211687621e-12	1.19529898257794e-10	2.60343548183077e-10	9.17566493516577e-08
"GO:0000776"	6.42150909209111e-30	1.15969965652994e-16	0.421729163131777	0.578270836868223	1.00757516409315e-28	2.15748469135783e-27	4.37362194076359e-25	3.71744950199441e-24	1.23866302047729e-16
"GO:0000777"	6.63266461088613e-14	4.47144689023814e-10	0.246694895150855	0.753305060188265	8.23468371953123e-12	1.93032430401765e-13	4.62199341799788e-12	1.45167561712942e-11	4.4186102348097e-08
"GO:0031528"	1.49017746848047e-19	3.27351466864186e-10	0.999996435329979	3.5620399232514e-06	4.33383645723502e-14	2.18925072017444e-17	1.07704505846496e-16	7.84380273342022e-17	2.3027025387022e-09
"GO:0031527"	2.08202370503563e-12	6.62396150737803e-09	0.00249688533323722	0.997502867027929	1.07800755387222e-11	5.65389147177393e-10	7.32793123827183e-11	7.59807005119244e-11	2.4028736067586e-07
"GO:0071850"	0.0578036553436422	0.0358393313514692	0.304580778319422	0.176708986121236	0.104520842300861	0.105278992700067	0.174578322369799	0.0214716838001404	0.0192174076933633
"GO:0051216"	0.00107452693840327	0.000702335616672845	0.032552820171547	0.00442664244997731	0.607422547735589	0.000464244812444204	0.352769435267456	0.000587443350753553	3.65715688453992e-09
"GO:0051213"	1.95392485763486e-15	1.00549940079476e-10	0.00261102874529213	0.997388956383323	1.76212032505541e-14	2.52870588182297e-13	3.97491519851039e-13	1.82213376168324e-13	1.47699831796542e-08
"GO:0007200"	1.60220476255263e-24	6.78911884536443e-18	8.46123632513645e-09	0.999999991538764	3.82437091894926e-24	1.03561430809354e-18	1.77875284380821e-22	5.98645331565826e-22	1.24608163903972e-20
"GO:0007202"	0.000176210964504853	6.69056134826244e-05	0.0014193038369142	0.00471119183381061	0.000564015755878098	0.990716298701365	0.000471299305920768	0.00107163427177046	0.000803139716353521
"GO:0051219"	1.65962617685164e-12	0.210485698558162	0.073247842830543	1.42589272560455e-06	5.44446825107299e-06	6.37999627137229e-13	1.49145309364153e-08	1.10378786942092e-08	0.716259562295611
"GO:0007204"	7.36921394064218e-33	1.09894091130437e-06	0.999998900924115	1.3497364557083e-10	1.39034479452e-32	4.81581072635107e-32	1.2259561860293e-30	6.2522413608951e-24	8.53230331511645e-27
"GO:0046847"	2.21450278142843e-13	6.50966664168864e-06	0.833292218317479	0.166700778158818	4.17028367515429e-11	8.82490788826053e-11	1.80577898894731e-11	9.03683349449979e-12	4.93699793078634e-07
"GO:0008340"	0.0465586624569437	0.0910916957546176	0.0364276600656837	0.034893715421134	0.0200336947878643	0.031995969169549	0.019774400466663	0.558458945003027	0.160765256874517
"GO:0007346"	7.3474349402335e-05	0.00461013834884871	0.584988409191642	0.350165582553993	4.64330047522172e-05	5.63481703998073e-05	2.85811735972095e-05	0.0125399570513177	0.0474910761560467
"GO:0071356"	9.73588308992819e-29	5.85992939433275e-17	0.000555750507425841	0.999444249485397	1.97867994242906e-26	1.30805360979796e-26	4.17096338497844e-23	3.41807426674503e-23	7.17740933242942e-12
"GO:0071353"	0.072207068990017	0.0438225072863063	0.0845657528686842	0.327836747825618	0.0302015054399385	0.312681868121989	0.0752232437153336	0.0270100723810315	0.0264512333710824
"GO:0001965"	1.78868997075199e-13	2.30614240074422e-07	0.999732347252525	8.67232025741305e-05	1.12862226782065e-07	9.61530095231886e-13	1.12147886046468e-10	3.320872297514e-11	0.000180585921936856
"GO:0001968"	0.0222079106432806	0.30592760145897	0.0194454211471224	0.0911963720695403	0.011136717258372	0.0082119623045347	0.0110147511065131	0.471497470513862	0.059361793497805
"GO:0033268"	0.000587108658380639	0.000243809877678083	0.00838406057193272	0.000949517333092719	0.974064527260198	0.00143573164492037	0.000217694460330135	0.000259855413975117	0.0138576947794926
"GO:0035145"	0.091060045821706	0.0468734097330449	0.102493786077322	0.153303084788164	0.0335840819803042	0.0412411043509766	0.0935801245186091	0.40442955270745	0.0334348100224236
"GO:0045071"	1.26321604066676e-08	0.999970217283514	1.63020166470503e-06	1.94922960186869e-07	2.44758220065421e-07	1.34901898344878e-07	1.43110064994145e-06	1.24237614304627e-06	2.4891822789029e-05
"GO:0050919"	2.37032359643615e-11	4.05007562534134e-08	0.996821617115141	0.00150963411319761	2.04174364339498e-05	1.71226718258863e-10	6.90248882968203e-09	8.02966703292895e-10	0.00164828293408614
"GO:0006349"	1.77142448441028e-06	3.49481252642653e-05	0.0366880312379289	0.963097648162376	8.04675611622523e-07	1.24663977926994e-06	1.37375581229496e-05	6.27640495135996e-06	0.000155535771481296
"GO:0006342"	2.31034919049599e-11	3.75931872022146e-05	0.999742257662313	2.59811585819158e-08	1.33112478583471e-05	1.12552633225657e-11	1.19847774400089e-09	7.41898336785752e-10	0.000206809946733208
"GO:0086010"	3.92976715307746e-14	6.21144183116681e-10	0.0911501240131624	0.908844840020497	1.2924401372652e-11	2.18765712046753e-11	1.8085189505277e-11	2.28319712991453e-12	5.03528998751445e-06
"GO:0043171"	0.000325883788732853	0.613940163078413	0.0513746261453244	0.00683364567901422	0.0016092869289142	0.000193075734705423	0.00315577698535756	0.00614478718307809	0.31642275447646
"GO:0006120"	3.52915921483764e-10	2.73475868829093e-05	0.7842487333092	0.215723482615229	1.36576189387385e-08	2.18609122224811e-10	1.82372802269861e-07	4.02808949859325e-08	1.99605846013828e-07
"GO:0007585"	6.82772754869719e-06	0.0121296628654802	0.0443966081203061	0.936266447200827	2.65024883541764e-06	2.52688442980142e-06	0.000123100689746424	0.00015010319329943	0.00692207306952673
"GO:0000186"	2.01721974382965e-07	0.000187879659566348	0.66684831284269	0.330397543340482	2.74706846862626e-05	3.66395216115863e-06	0.00253457960776436	1.25826744249265e-07	2.2236393132335e-07
"GO:0000185"	0.000225523557541005	0.0176631394167567	0.000499663636983219	8.96871894416844e-05	8.98360101537608e-05	0.824695575358116	0.0035455686195574	0.00183135449636596	0.151359651715084
"GO:0000184"	4.19198323831577e-12	0.95297420105475	0.00091267237179107	0.0461130448506768	5.36702009279518e-12	8.01812585081758e-08	3.85283599691341e-12	1.52658899155764e-09	1.52323971274251e-12
"GO:0000188"	5.45776305215509e-16	7.10118816599541e-10	0.0403525359317847	0.95964746334359	3.54750537701705e-16	9.69342263653104e-15	1.12912840287017e-13	5.84444715208395e-14	1.43243146354395e-11
"GO:0004872"	2.54764470929677e-133	3.05518289915086e-92	1.84658324198593e-32	1	1.80848788973326e-128	1.31023727013488e-114	6.85160978243408e-115	7.57640358259539e-113	7.42256389483766e-78
"GO:0004871"	6.16960039463572e-63	8.56277744499193e-32	2.65387584465843e-05	0.999973461241553	1.6919306077852e-61	1.65295271315706e-58	7.50984257939418e-57	1.50536226097463e-44	2.12851355055313e-35
"GO:0030169"	0.0705499570598938	0.0450450590158065	0.266100892033571	0.301938918369008	0.137555553368288	0.0529635588620522	0.0970487125004783	0.0265897482275266	0.00220760056337634
"GO:0050661"	5.90564167909121e-25	1.67003231739742e-14	0.999997620981427	2.37901852302155e-06	4.66938360291367e-16	2.85182886544242e-20	3.06547631161204e-20	2.59281921846024e-21	3.29997741505906e-14
"GO:0050660"	8.12191452959836e-10	4.28936414887958e-05	0.990106030931843	0.00519954407594592	1.00882608784168e-07	3.42000134907796e-10	1.14035647362311e-06	1.18770696882409e-07	0.00465017018675145
"GO:0048538"	0.000685622553749252	0.000405923953411968	0.0392941382111127	0.945524829856928	0.00262111885778848	0.00368088986692863	0.000498202737868205	0.00704576466242897	0.000243509299783738
"GO:0048536"	1.52170090930238e-08	4.04412427961307e-06	0.0901003630003769	0.909759899230659	3.70015054974962e-08	6.60275859345617e-08	3.29034480384916e-08	2.04354159873421e-06	0.000133498953537531
"GO:0048535"	2.91759949243708e-10	1.52528373073817e-06	0.0303587565256972	0.969632441614367	1.36377231226734e-09	3.37870454013483e-08	2.13229749885857e-09	5.83905605784591e-09	7.23316227389931e-06
"GO:0005694"	2.2281846075389e-43	4.60427986531032e-22	0.999347715436644	0.00065228456335605	2.51255502106429e-33	2.35878175982812e-39	2.1724272924819e-32	1.07256979120252e-35	9.70795976612052e-19
"GO:0006977"	6.59777074935521e-23	0.715874469998031	5.55106220315686e-10	2.53351248450769e-23	1.87437131594442e-22	0.000186569132650162	1.9977778194532e-15	2.78725824152889e-15	0.283938960314208
"GO:0048286"	7.78618931038257e-05	0.0016934374094663	4.20424684405447e-05	4.6938231186502e-05	3.96392157013442e-05	0.000116336594389809	0.00123422708640078	0.996341216922274	0.000408300179036887
"GO:0004252"	7.51654382714437e-49	0.999999994988466	7.86370836943672e-17	6.99159984677085e-31	8.42297217780544e-21	1.41508486007628e-48	4.17015253527064e-32	1.63041094181691e-34	5.01153367625509e-09
"GO:0051044"	1.52750181575043e-16	6.93584785372208e-12	9.94590383233472e-07	0.999999005402612	2.09327253368204e-17	6.48643087665876e-14	3.58870453533159e-15	1.51971346651963e-16	7.10031593942715e-18
"GO:0009168"	3.80190726851596e-09	9.380523864995e-05	0.142023997117895	0.857880756529285	2.0559067295756e-09	2.26035724644754e-09	1.970815436055e-07	7.94046467810742e-08	1.15650980848854e-06
"GO:0005783"	0	5.2847378942938e-274	4.40449583723108e-59	1	0	0	0	0	3.98753299060598e-238
"GO:0006978"	5.1125554037481e-15	2.22985825373708e-08	0.0170080420293271	0.982991935635883	4.7306800577069e-15	3.27465169596538e-14	5.26617599133265e-13	1.51570442456585e-13	3.54865137405523e-11
"GO:0071456"	6.42272075488346e-38	1.73936418506971e-17	8.15956600747576e-06	0.999991840433993	1.0185042585716e-37	1.28462218045616e-37	1.48422926023906e-28	1.28065257391908e-29	1.2755686460882e-17
"GO:0001755"	4.77246576693471e-10	2.65041266664112e-08	0.970540120753102	0.0294057820082163	4.6461362519356e-06	5.26471729242398e-08	2.92643949397017e-08	1.3328265817844e-09	4.93408766615265e-05
"GO:0001756"	3.87376742738212e-05	0.0185218055318076	0.839464134691375	0.0606445430590266	8.92755744709203e-05	1.49867533415583e-05	0.00114444470241204	0.000729634315632973	0.0793524376976597
"GO:0001750"	1.41209140656914e-05	0.000194072772244271	0.0910552283252183	0.337758338084575	0.000538534298775207	0.00146893687487495	6.03256935458756e-06	0.00688343275770686	0.562081303403186
"GO:0016810"	2.8957997614693e-05	5.43613505541838e-05	0.00421279843801493	8.88916696421104e-05	0.957716662470441	9.63632819476037e-05	1.21296344173993e-05	6.87270101217297e-05	0.0377211081472459
"GO:0016605"	2.15285777277834e-30	3.53067576873036e-15	0.999999841105772	1.58894223998215e-07	1.06848553627944e-28	1.37209957416019e-30	5.46986396152635e-21	3.23180923257e-24	9.94618335439816e-17
"GO:0016601"	1.99803643095113e-06	0.302267201008017	0.426603472453148	0.0138198456009617	0.000270323721638729	7.37710160628167e-07	0.000278783842721171	5.25533284360548e-05	0.256705084298486
"GO:0042826"	1.34919296431053e-17	0.000655349739088451	0.50233937690413	0.49700485856876	1.79694665473528e-11	5.60012105096472e-18	4.11641260050011e-07	2.42103800098476e-13	3.12855028307847e-09
"GO:0043410"	2.91417289498722e-46	1.49367231506178e-27	0.174328225015059	0.825671774984941	1.10498521302529e-46	7.5641708932814e-44	1.44638608220606e-41	5.5490331035536e-38	2.95654433455856e-32
"GO:0031267"	0.000357261618276162	0.968999467354167	0.0015873428801599	0.000950296952312549	0.000283249800219232	0.0239849115940192	0.00013154581924548	0.0029814698461338	0.000724454135466399
"GO:0000407"	0.000234246928823981	0.0577712432705514	0.314534659896	0.595060842232707	0.000102691015442363	8.62015772967022e-05	0.000958991152293262	0.00333985991554457	0.0279112640113406
"GO:0006783"	9.33466193824135e-05	0.981097838407679	0.000125940988195011	0.000852297436142553	4.71550460954998e-05	0.0094976245796969	0.0076379338014478	0.000483347313665015	0.000164515807695804
"GO:0072583"	1.98859883867777e-13	6.28951101381163e-07	0.269391979794881	0.730605319025444	1.70161160248406e-11	6.85893190922785e-12	1.74864246339967e-10	1.52354242009495e-11	2.07201440031787e-06
"GO:0030819"	7.13287632405895e-05	8.50330685752371e-05	0.0346292467123041	0.881858559871665	6.18842596161026e-05	0.0001092410795235	0.0831541725420419	3.05034562642809e-05	3.02467689100048e-08
"GO:0005198"	1.25609396703712e-77	2.57128999795495e-51	4.86437508612879e-12	0.999999999995136	3.0637166666441e-72	3.32891840330753e-66	3.993793292672e-64	6.33495663919061e-67	6.87653618038786e-47
"GO:0050873"	0.000475224568344882	0.04980464010957	0.00592480002760331	0.00237893530109281	0.00142716854728118	0.0324157703788151	0.0360020692633952	0.00179090166378257	0.869780490140115
"GO:0030100"	6.14794164474193e-15	4.58761335803167e-09	0.973137893358406	0.026860941285838	1.25961092042481e-11	2.9088196657001e-13	1.52433825469781e-12	4.06187116318461e-12	1.16074966332585e-06
"GO:0004407"	2.29818280872497e-14	8.4580642864557e-11	0.000839511386086398	0.999160486165794	1.49784768740363e-13	9.97184736766366e-12	2.69003201301709e-13	5.55636518448429e-12	2.34756911591322e-09
"GO:0004402"	1.34536794778471e-35	5.88127619923615e-23	0.00232506362493066	0.997674936375069	2.54983006387024e-32	8.12055569770124e-30	2.39424694932302e-30	5.64720619924961e-31	3.96653568158692e-20
"GO:0006661"	1.09621411512232e-30	4.51181994036656e-14	5.78334206671241e-05	0.999942166579287	2.1773854106134e-27	1.38142176929873e-26	4.36427588520903e-26	5.33597726752606e-24	9.40298478536016e-16
"GO:0005319"	4.64374698674475e-15	3.78670297061201e-11	2.42738891657357e-06	0.999997572572435	5.00549495388605e-16	7.2799778055558e-13	4.65571219921632e-14	1.4545233957778e-15	1.75276525439667e-16
"GO:0006935"	2.08934706575035e-24	1.91573234150473e-05	0.999433742475718	3.26434134399047e-19	1.55430020098455e-11	1.54033232914337e-22	3.21590286847161e-24	3.28814043818418e-19	0.000547100185324083
"GO:0006936"	3.2317205079445e-20	0.999999951066904	4.89330342854608e-08	3.21641456641154e-19	2.65292807091956e-19	1.19314368522212e-20	2.43337265854362e-19	4.68363331450747e-17	6.13509970262361e-14
"GO:0006939"	5.28044118877222e-23	5.71007937885211e-09	0.99999999428992	3.85562925727455e-22	4.8981997101257e-23	5.99170750580598e-23	2.48897984397903e-22	3.22568544377404e-21	8.55082776294935e-20
"GO:0000792"	2.32141320141128e-09	0.000115598972610066	0.998360225778916	0.00152394280903307	1.16901074230483e-09	9.83080357912349e-10	3.28794635315133e-08	6.72853199249549e-08	1.27801153211381e-07
"GO:0000793"	5.60225051011856e-06	2.78451379699443e-05	0.0315203336401715	0.000302684321330315	0.863079520601717	0.000106901608057384	2.73229393016633e-06	3.1974451124939e-05	0.104922405695189
